379	1
1.323704	
-8.407949333	
-23.19133067	
9.153709333	
-10.50488867	
2.940517333	
-6.182987333	
-0.315919333	
-3.831076667	
-9.022404667	
2.782645333	
-1.530560667	
-9.735265333	
-9.863488	
-41.70566333	
-15.293598	
-36.74378133	
8.112507333	
-9.738263333	
-15.74575133	
-0.276796	
-29.524912	
39.57856533	
3.550465333	
-11.99927267	
-17.32851133	
6.568602	
-10.547758	
-19.412018	
6.115008	
4.819616667	
-1.429004	
15.539122	
0.514304	
-2.999848667	
4.758152667	
-1.273321333	
-2.431512667	
-29.04270467	
-8.09555	
-17.49953	
-11.27148533	
4.393494	
2.588542667	
4.726387333	
-1.324661333	
-18.42886533	
-28.11620667	
-42.41213733	
10.35482267	
-0.228290667	
-2.603441333	
5.142560667	
0.144872	
-0.983048	
-0.681826	
6.201050667	
2.186958	
3.851802667	
-12.47843933	
1.706531333	
-13.032694	
-13.230386	
16.842608	
-18.669226	
26.91320533	
-0.695476667	
-47.71900667	
-15.184014	
-45.76332333	
-4.536778	
1.416430667	
-40.13409133	
-10.22645	
-2.041046667	
-16.454104	
0.890458667	
-12.76981133	
-12.665534	
-15.66638667	
-4.711906	
-4.641166667	
4.87299	
2.218563333	
-4.143682667	
1.105159333	
-34.08675267	
-8.878916667	
21.39085733	
1.082959333	
-31.855988	
-12.12730133	
1.613495333	
-25.29980733	
-6.164145333	
-15.86632133	
3.642115333	
-12.402468	
-1.022020667	
-16.558476	
-6.552593333	
-38.63105067	
-7.434237333	
-1.324653333	
-12.17100933	
6.629007333	
-24.16759933	
-24.28453733	
-8.376908667	
-9.981460667	
7.266786667	
5.98397	
9.540850667	
-29.86193667	
5.030938	
-2.309783333	
-13.31320533	
6.658092667	
-2.201248	
-39.509194	
4.091362667	
-25.49621133	
5.588316667	
7.068355333	
0.543534667	
-8.815089333	
-9.550229333	
-7.969288667	
-1.354798667	
-0.985260667	
3.075486	
6.230192	
-28.00270667	
17.89820067	
21.410962	
-20.49986333	
0.883268667	
-15.923398	
0.653276	
-16.58104667	
-2.252411333	
-36.344916	
-1.26972	
-33.318526	
-16.07848133	
-7.561413333	
-19.65607	
-0.419166667	
-55.53313	
5.465449333	
-1.352829333	
-14.77276133	
4.142124667	
3.195248667	
22.42568667	
-6.826042	
-33.01149467	
-0.625976	
-18.398626	
-0.516412	
-23.58480667	
-10.64585267	
3.655298667	
-28.63421	
-6.465904	
22.526034	
-20.89888733	
-10.45696333	
2.647806667	
-6.558069333	
-45.55893333	
-6.582000667	
-15.04318667	
-36.724164	
7.047812667	
-19.22702667	
-6.698266667	
-8.987283333	
-11.025612	
9.086558667	
-11.602262	
4.972744667	
1.352212	
-0.993814667	
-2.105616667	
-11.33872933	
-4.862446	
-13.84496467	
-12.46745533	
13.06011533	
-0.185749333	
-39.80264267	
-5.574628667	
1.149581333	
-20.41913333	
-17.02130667	
3.728070667	
-11.54757667	
3.602724	
-18.46140067	
32.38264267	
-20.42660667	
-20.85396933	
8.131420667	
-15.59233667	
-20.108616	
-0.733684667	
-33.596082	
-10.64742933	
5.749058	
-6.678888667	
3.970866	
-4.349432667	
-13.08276733	
-34.756068	
-25.33383267	
8.110303333	
10.136142	
7.013395333	
-7.239685333	
-4.623534667	
-17.550374	
-4.180836667	
-3.632672667	
-27.49810667	
11.60975467	
1.573966	
-0.691282	
-6.640184667	
-1.773664667	
6.625878667	
-13.83529467	
-21.87651867	
-14.15525867	
-8.087636	
-35.67784933	
-20.98596067	
-20.29578333	
-43.68507933	
-28.53442267	
3.011540667	
4.014771333	
-4.859272	
-5.385528	
5.688959333	
-25.90326467	
-8.375635333	
-0.855568667	
-3.229950667	
1.333228	
-5.958828	
-19.69681533	
-30.095778	
14.31961533	
-14.94863267	
5.785675333	
-14.63124267	
-8.451848667	
1.122282	
-11.497912	
-20.690022	
-5.930413333	
2.765749333	
2.906474667	
-24.86153333	
-2.452972667	
-12.94555867	
2.590769333	
-13.26128067	
-4.74832	
-5.179047333	
4.674613333	
-11.71612	
4.680519333	
-4.512086667	
-10.08395733	
-8.556804667	
-9.105373333	
-25.490992	
5.068212667	
6.288176667	
-8.98642	
-28.56898267	
-0.696895333	
0.488374	
-44.676462	
8.870466	
1.051107333	
2.775518667	
-14.497496	
40.497374	
2.281207333	
-15.27999333	
-9.426032	
0.064639333	
-0.859903333	
-10.68224467	
-3.331154667	
-24.71823933	
-4.344511333	
-41.69449333	
5.218472667	
-15.66497267	
-12.39757467	
-14.292674	
0.748988667	
-0.696724	
-11.73559133	
-14.039614	
-1.128331333	
-2.553033333	
-2.081402	
-7.827313333	
-25.470508	
-9.383588667	
0.842550667	
-10.23570067	
-14.242566	
1.630623333	
0.211952667	
6.370838667	
-1.758208	
0.153222	
0.189707333	
-2.526244	
-24.241996	
-0.130630667	
-34.8172	
-8.82349	
-3.495553333	
8.983958	
-1.558666667	
2.444205333	
-1.695494	
-17.00013267	
-12.93858467	
-3.746897333	
4.130882	
-15.88828467	
-38.02086267	
-18.26029133	
-5.20954	
0.628386	
-6.349279333	
-27.70960067	
-5.385524667	
-24.95917933	
0.479408	
-16.25411	
-25.759546	
-0.399505333	
-5.502242	
-11.78362867	
-1.072352667	
1.968055333	
5.813656667	
20.78393067	
-29.04270467	
-23.98251467	
-1.247581333	
31.24266533	
-25.166512	
-21.860048	
-22.68915067	
-13.76379333	
-22.625062	
-11.45696067	
-7.502103333	
-1.540219333	
-9.376706	
-0.681828	
-9.897815333	
3.089395333	
6.661921333	
-26.84277867	
-12.699716	
0.715892667	
-13.73498333	
-1.36685	
