65894	115000200	-43162756	64513	103069416	-38118776	52738	66163488	-22393142	32400	27659572	-8162657	22654	15448822	-4238102	12965	6687586	-1409186	3996	2021724	-512467
-118915	-202694784	24018968	-116322	-181205552	17460384	-92324	-116256288	4601318	-56498	-49691664	-782379	-40290	-28210000	-2879970	-24464	-11584454	-6437414	-8196	-2624228	-6460881
404782	681723840	-131724656	393723	608754304	-107330800	308511	389139904	-47542968	182902	168547152	-7945659	131468	99038552	-3573669	77316	47140528	-4949135	29826	17615034	-5672608
-121291	-177767760	-11445838	-116662	-155926576	-9318075	-86038	-92701504	1929434	-43208	-36563448	229466	-30236	-20366494	-1561944	-17512	-8397804	-1424160	-6470	-1796655	-654522
-110848	-199093904	-37020212	-107376	-179045584	-38106940	-85329	-118871592	-33344494	-57870	-55130836	-20237352	-42949	-32623468	-15190143	-27073	-14372037	-12234067	-11949	-3590777	-7459888
-138334	-231475696	35804696	-133854	-206527152	28644094	-104489	-132296080	12906109	-63308	-57837588	4977786	-45495	-33664556	1978292	-28908	-14567971	-2510661	-12220	-3228046	-3434955
468594	767618624	-153981600	451394	683288704	-127353456	348240	433251712	-56976124	204852	187011536	-9306149	148453	108841472	-2345736	91720	48954928	-1506111	42819	11753966	67344
-110976	-199216912	-36295824	-107487	-179146560	-37420424	-85409	-118912736	-32910338	-57890	-55135796	-20039458	-42962	-32623138	-15066872	-27073	-14370068	-12170128	-11948	-3590015	-7434740
81343	133446304	53095160	93259	118059936	42967336	20614	82820688	-32871240	9887	30281968	1934752	-28490	35965160	-39784080	21429	8621081	12813320	-2078	3602375	-381590
466439	765675456	55293952	451133	681411008	66070592	352307	430150144	72258520	207228	180338576	52220296	144562	102510512	34725936	84973	44585328	17525480	37794	10629461	5770356
505732	881630976	-26138662	490351	790229760	-10336870	391417	514428608	20181064	243745	229684480	30320142	180058	135682576	22362672	115618	61437188	9871760	53804	14580736	2581458
334135	561851776	-105933520	323845	501530080	-86584048	257263	319413728	-26962538	152611	136824352	423702	109353	78645528	4151952	66321	35361492	3416915	31064	8453106	1159774
398306	638071872	47359140	382687	566367232	55728140	290816	356443200	47532224	172024	148487392	24278850	114779	85138752	11860576	71006	38424584	6133920	32737	9549126	2406091
-134201	-203329904	52422948	-125258	-179511104	47360336	-90298	-113026848	16212956	-51690	-36662000	10058768	-31269	-18478832	846368	-15186	-6309958	-4295304	-564	-2047996	-5692359
-129738	-218123456	36042828	-123351	-194906384	32372810	-93704	-127563816	16004058	-60704	-49278040	4770180	-41527	-26602656	-1001662	-21495	-10761131	-3165326	-4351	-3688675	-2119580
-128375	-207608928	47230416	-119158	-184878336	43168168	-87564	-121410160	14432276	-53076	-44112040	8427871	-35786	-24475000	-292396	-19210	-10319141	-5322614	-4672	-3765396	-6839162
-126839	-196093552	50632576	-115739	-173845648	43023924	-79616	-114421144	6161784	-49579	-43304972	6853670	-34305	-24715672	999348	-18444	-11286532	-3111316	-7014	-4218108	-5084592
-135330	-240391600	-6958896	-131618	-215874752	-7641604	-106497	-141279584	-7004210	-68058	-63249760	-8153894	-49688	-36996592	-6985078	-29822	-16782026	-4659353	-10630	-5618940	-2540770
-105347	-199981776	-72007064	-104861	-180634608	-70032888	-88864	-119445728	-55018424	-58925	-53637008	-36873880	-42828	-30979452	-28950196	-25509	-12943260	-22294620	-6780	-4090382	-14000344
-111854	-193729808	-43679172	-108181	-173514480	-44799552	-85028	-113208496	-39761952	-55862	-50558048	-25819032	-40240	-29132368	-20202500	-23569	-12556172	-16491637	-7792	-3940421	-10805518
-140333	-228333808	30373168	-135645	-203035712	23109912	-105096	-128074608	7525275	-62192	-53891120	245964	-43657	-30401256	-2300831	-26307	-12510336	-6203486	-8929	-2837495	-6404572
-146047	-240840432	54561664	-141148	-214498144	48206168	-110659	-135701888	29269206	-65880	-57249328	14756906	-46435	-32322588	8862065	-27151	-13769849	1480162	-10390	-3429290	-2070354
494524	850862208	-21479842	479118	761521472	-6067784	380117	492828704	22207830	232408	218319728	29035062	168703	129442528	19436376	104202	61213304	5022100	42374	20783980	-4345460
-111713	-179484352	34223036	-106129	-159495360	30259592	-78931	-101937312	3712764	-43158	-36434232	-345033	-23199	-22096962	-7286016	-17316	-8455199	-7055684	-2934	-2898742	-6501722
-101926	-188157344	-34066592	-101646	-169413648	-33187396	-84697	-110342744	-21376566	-52208	-47559892	-11800841	-31929	-29085860	-5771029	-22822	-11274566	-7200106	-5136	-3638741	-8637860
276659	436699552	-70567256	269141	386713216	-50941164	204768	238086304	-9935026	110125	95830376	8858044	70717	55625260	5511279	41494	20551860	7232544	8000	7164252	-3534056
371632	609556352	-28598826	358069	542625344	-12946098	274920	344580672	21002092	159679	146137648	24599512	104546	87849064	14359486	67935	37396692	10829240	22764	12607002	-1509954
-99873	-169200816	-39404200	-98834	-150895760	-38852024	-79970	-94317984	-27425614	-45766	-36103748	-16210384	-22709	-21508030	-8830624	-17181	-6879626	-8426897	-1245	-1860965	-7461231
-102190	-188523296	-33257016	-101883	-169732608	-32420738	-84876	-110532120	-20873520	-52296	-47638320	-11542120	-31992	-29133282	-5585650	-22855	-11296256	-7120143	-5150	-3648549	-8592955
70066	165852032	-109971704	62200	153774016	-108492624	22729	127941800	-109859448	61276	42694576	1073471	36830	21043368	1151301	18717	7408057	667398	4375	988108	-118549
-83513	-170897648	10694540	-77936	-156094992	10602867	-55074	-115289520	5999085	-51596	-50138752	-19256634	-39469	-29847148	-15516155	-24723	-12931830	-9832433	-10001	-3268270	-4671598
-137847	-217232048	60901436	-128990	-192735968	55656624	-94402	-123762976	23464608	-56256	-43514972	15881133	-36032	-23220196	5901698	-20199	-8462000	-204830	-5813	-1310164	-2652694
-131761	-220251776	54950388	-122598	-196894464	50765000	-91314	-131149632	21159872	-57258	-50289360	13773562	-40161	-28713968	4347021	-23844	-12165702	-1527912	-9521	-2941490	-3977918
-169652	-290293344	82032112	-161132	-259937696	73062416	-124637	-171311504	32777242	-78495	-71483696	14911030	-58103	-41265204	5328609	-34370	-18030096	-3173029	-13824	-4621360	-3706144
-143111	-236848832	90889568	-135797	-211271008	83472336	-103579	-137058128	43789768	-63483	-51221680	21980542	-41488	-28095196	8872123	-23343	-11302392	1463154	-8389	-2520149	-2184237
-48220	-111707304	-41810360	-52561	-102672992	-36566872	-28962	-77374896	-8153266	-23658	-38532184	-8488467	-8366	-31616376	1315197	-21938	-11818466	-9228857	-7255	-3752790	-4064980
23266	92455536	-95615872	40364	87320192	-98326960	-93	73847080	-116555432	2516	34905640	-46665260	-22662	40123912	-57311696	17745	10600032	1474940	2021	5076602	-986996
-125174	-240221728	36253084	-136043	-216671392	28984162	-109689	-139013712	13718578	-66501	-60821088	5166903	-47847	-35413848	2016234	-30377	-15350759	-2579002	-12896	-3419164	-3499228
-132997	-253959216	64740256	-143661	-228986832	57024316	-116618	-146441776	35051164	-69829	-63695220	19124924	-50264	-37038592	12587228	-31114	-16285237	3610793	-14195	-3773772	-1087452
404085	756097280	57798464	435355	680172160	67694728	350879	430950208	70745232	207374	181673280	51610944	145345	103598648	34376980	85951	45215172	17297524	38261	10753394	5802689
441239	865665920	-20827098	472430	782998336	-6034560	387880	510567200	20352584	241981	228182544	30029106	178858	134811424	22121354	114927	61005224	9851254	53583	14520000	2529223
383434	719493504	-125771872	412825	647644224	-105423088	328059	412928928	-56653980	197775	178683488	-16838828	141742	103201704	-6470157	85634	46394492	-346606	40334	11448596	1899152
-86224	-190157440	-80638472	-100291	-173358576	-77792232	-86494	-113360808	-59100328	-57246	-49415272	-40670608	-40617	-27642542	-31521754	-24205	-10232262	-21024594	-7302	-1514560	-11205442
-89583	-212294912	-64524108	-104851	-194787648	-62432488	-93482	-131000160	-47107408	-63779	-60918128	-30433300	-47813	-36039404	-23249632	-30664	-15327055	-17452682	-12067	-3536540	-10116508
-87033	-207714688	-66005664	-102326	-190670512	-63721592	-91435	-128317696	-47841756	-62493	-59713200	-30726294	-46847	-35334656	-23416040	-30076	-15012452	-17523858	-11796	-3457310	-10138016
-92267	-216592576	-63083120	-107280	-198614208	-61252128	-95390	-133483680	-46459464	-64971	-62029104	-30185294	-48714	-36685404	-23115692	-31198	-15612512	-17404746	-12313	-3608860	-10100585
-133338	-226824352	9467873	-128705	-202765344	8366375	-101954	-130726512	6489556	-63600	-56686692	2446211	-44871	-32595606	638526	-26210	-14700110	49372	-8800	-5049768	117495
-127756	-223604960	-4259198	-124191	-200466080	-5472636	-100067	-130201952	-6044047	-63213	-57077484	-6317962	-45248	-32919308	-5466049	-26308	-14668926	-3606441	-8009	-5210278	-1671962
-66172	-143857248	-21893354	-61245	-132138360	-18348122	-37958	-101819880	1133704	-48569	-43338452	-23072850	-35383	-24531372	-15405218	-21000	-9910576	-7068853	-7717	-1979772	-3645108
-78074	-151976848	90767096	-69354	-138425856	88876696	-42306	-104898944	69025344	-45541	-40009672	12837714	-31382	-22993034	4246740	-18799	-9824984	-1211060	-7724	-2482709	-3748271
-58242	-118374080	7968102	-52424	-108180168	12385494	-27998	-83904776	34482480	-38529	-34862248	-1521404	-26603	-20458138	-1458174	-16402	-9606717	-1647303	-8763	-2598928	-1819913
-83265	-152659424	102504336	-75689	-138064896	99476704	-46462	-100808624	79968272	-46572	-35718784	12536196	-29722	-18937382	4417088	-16481	-6826082	-371266	-4622	-1027089	-2192664
37222	36946880	-258995744	31816	30822192	-246294688	23879	13835602	-167115760	7333	613401	-88942368	2258	-1001552	-59638096	-3172	1095566	-32229796	-4813	3576002	-11606086
16873	29974496	-23989970	13386	27154336	-21909424	8480	20773732	-12411178	5029	16656666	-15190182	7561	13944183	-14199248	9408	10447023	-10684813	14006	4072594	-4983106
63970	66164192	-186243648	59208	54995328	-174108640	39314	24436394	-116813368	11307	1895639	-66421428	4522	-1632660	-48461960	-1512	-925571	-31606732	-2919	237081	-17625114
209900	355261824	-16180442	204741	317463808	-9488140	160272	203721088	-1672482	94856	90104728	1144654	66670	54490592	1737439	38322	28867520	-245312	16914	13664982	-2648167
296858	516092480	-115463040	288724	462647008	-97859136	231795	299983104	-45698476	142476	131008048	-9304204	99827	77283216	-3325021	60644	36993044	-3113532	19492	15043138	-4243739
272643	429608640	-113659360	263917	380528128	-99597768	204023	233431296	-49242608	114634	89005296	-11785308	72404	47448408	-10297352	35183	21084962	-7131454	7306	9275935	-4548998
225924	372014656	-22137394	218830	331485088	-19365436	170829	210668256	-14030914	102216	88350112	-13350283	69198	50633984	-9962469	37265	25054676	-7049852	12583	11475734	-5053185
265245	429581792	-46085288	257393	381948640	-39224256	197219	240705824	-27333156	114296	101651104	-16621392	78052	59270928	-11121556	43343	29660452	-8018886	15490	13522718	-6109189
422794	745473344	-70922592	411630	669095360	-57895896	331461	436708800	-20632358	206706	193808960	1304316	151492	114364800	-758893	92548	53710764	-6286043	35451	18436636	-7626071
421330	731328640	-104874704	410919	655247296	-82920056	327431	424415648	-32209436	200546	186618432	-2612078	144772	110180136	-1488053	88063	52108544	-6553007	35089	18168954	-7755428
410604	683448064	-169497152	398761	609506560	-142830080	310727	387655872	-71468816	181809	166718624	-20441162	130102	97737576	-12145417	76093	46509560	-9857155	29315	17440018	-7670744
-6691	-25034144	-94865584	-9069	-23620624	-90580880	-8404	-18162304	-58897864	-8938	-10163799	-33339402	-7251	-6352674	-23585956	-5945	-2394933	-14133762	-1371	-130922	-6218314
434800	711797568	-146055424	418175	633592768	-124436168	321730	402487488	-67635640	193125	173057184	-22690568	137887	99464440	-10465719	82724	44468732	-2572623	38359	10874208	1242758
21836	21698034	-41064872	21481	17775856	-41344832	13648	6365991	-46626836	7621	278343	-13588560	4634	-2601031	-13595049	-439	-2455723	-10464618	-4803	-961915	-8593768
240015	398065856	-75105408	229813	355066496	-66282152	168045	231253552	-58999260	117011	94275232	-1875855	81281	50142344	-2629126	41782	20701286	-4239043	7913	7236620	-7236455
255552	437545504	46381036	244978	391608064	51581908	182494	258511936	34048168	127277	113402968	46044412	92155	64652996	31263572	53817	28862560	14461196	20351	8675150	540202
35424	39171752	-258544560	30567	33264884	-245817936	23821	16342738	-166837008	8181	2106410	-88913768	3321	-76408	-59525104	-2400	1480394	-32045186	-4466	3644028	-11394686
9868	19456372	-144582064	9297	17862072	-141036976	11544	10742958	-98569416	6218	1643778	-59886260	3641	-611446	-43987968	-37	165648	-29304502	-2091	787452	-13621762
280665	446400864	-73242824	268215	396133216	-64347840	204142	249229664	-37967300	119212	105495312	-23571908	81346	61194440	-16477412	45111	30613746	-10213853	17335	13577850	-5606992
221722	343382528	-102619768	209421	303881760	-95415072	146912	192521392	-69246552	83196	69512096	-23187124	40674	42430512	-20764342	24278	15128401	-8635790	-1543	8946261	-5531743
231475	357944032	-26910226	216664	316817120	-24780038	150240	203412000	-25571906	88882	83426904	2911375	54133	52456872	-1955430	37029	22110562	-285268	8859	9657847	-3736682
-2148	-28581736	-38177016	-4110	-27942236	-33468692	-9388	-23457584	-15935439	-12502	-12298151	-13502398	-5085	-8894158	-10610450	-6843	-4417823	-6728528	-4257	-1331985	-7569990
92	-20272320	-62600644	-2588	-19975224	-56670188	-6581	-16709978	-28518982	-8738	-8476106	-16652041	-1572	-6808616	-12105790	-6206	-2832556	-8559296	-1794	-630459	-8028647
4659	-3519364	-19037484	2203	-4112948	-14757490	-864	-4127620	3295911	-3177	-550052	2775293	4536	-1383230	1973789	-1876	221731	-1591346	2172	171327	-5337840
42923	60797472	-243351680	37818	53525308	-230958640	29674	32495614	-154492016	11718	13521606	-82222328	6880	9693715	-54762064	-2392	1847952	-28208002	-3378	3659380	-10183833
22109	27447664	-87046072	20729	23637126	-83924936	17473	11089917	-51934596	7034	-1351084	-28763764	3579	-4072280	-21117900	-5404	-4491388	-14364347	-6717	-1108960	-8460446
54469	41133180	-116356544	49396	31703190	-106203232	28402	7651152	-62680912	4466	-6520260	-28754748	158	-7993540	-19611364	-5920	-6308503	-10347090	-8682	-2237632	-10020492
220774	328255104	-93507752	211962	288665600	-80245296	159545	172220064	-36886120	82065	62569500	-17540836	50890	33029142	-14838905	24514	10670012	-6225140	1484	3535912	-7544092
233410	353085984	-67798664	224137	311165728	-51732792	167367	188647104	-10634255	89113	74349264	5398792	59858	41090700	4030549	31179	15120160	3339692	7634	4571228	-4607927
225792	321239744	-74548096	210935	281247328	-67022664	143505	171149824	-40253336	72455	68506304	-18755740	33242	45525588	-22307646	21638	16784712	-9723122	-359	11105580	-5792257
276904	406265056	-114609136	263696	356655360	-100856664	191794	213726640	-51612304	98877	79304896	-11509528	53096	45797316	-13329823	31503	16503538	-4702206	2027	7265284	-4327313
276968	406218560	-114478928	263759	356596768	-100755472	191805	213645056	-51626816	98882	79204256	-11533088	53044	45707076	-13348293	31456	16442805	-4702252	1941	7242027	-4327730
308592	429778368	-62269212	295122	374433632	-51154792	215588	214993104	-28995862	102319	68265168	-23593008	49611	35277644	-28018004	21595	10436076	-13160463	-5811	6257871	-9547513
315030	524694592	-88272704	304019	468047648	-78028616	235604	298923648	-35956648	136559	126665968	-15003344	88954	76662784	-17148288	58855	31664264	-7080858	14567	11545428	-6876814
347892	539296768	-130249128	334822	476751168	-107448600	248482	294386816	-51566744	133696	120197616	-13182439	84740	72049296	-13120464	54524	29141108	-3431217	13756	10485158	-5186780
111855	192351840	15165882	103981	172532576	15396068	61641	121724896	-11604880	23526	72186672	-30997624	-2272	68027520	-48855996	29815	19308282	4790354	12325	7707557	-528138
133987	311251424	-161395216	120940	287901696	-162148768	65103	231106544	-169472096	96025	69644432	-10317748	63126	34611148	-9584919	32683	11441678	-9105010	6036	1009591	-4558623
-9438	-20186588	15896872	-8078	-18518022	12948716	-6925	-14643342	-5834888	436	-11450548	7049515	-3888	-10873714	2323245	-6720	-7443466	-3258485	-7115	-3532096	-3368288
99279	212212912	-191203136	110504	193491568	-186430720	53807	140970400	-181792688	43141	64442076	-76554480	5877	54105004	-78946208	39670	20630818	-3372690	10199	6654510	-2873086
62120	82411712	-220692016	61524	71358440	-209089344	46337	37569836	-143417664	16037	9721322	-80537032	10092	3906266	-57403972	3647	2370320	-33624672	1913	723396	-13990017
61737	65843468	-178781216	59870	54898548	-166857248	40219	23618450	-110190072	11664	589387	-60250796	4693	-3062451	-42493264	-1303	-2459544	-25855100	-2707	-1416396	-12031212
205098	394047104	-9065280	230077	355745152	-10536093	185316	224323280	-12593198	110485	92697360	-13381359	75188	51701420	-9651285	43339	23063044	-5209070	20286	5577672	-2030048
242197	443219008	-42994248	261523	398329184	-36327152	205085	251075936	-24835178	119993	106842896	-13228962	84374	61634736	-7798571	51550	28090030	-4590748	25084	6899200	-2246810
332842	624090432	-200241776	359722	561648704	-177053632	287029	356079904	-101544984	169463	152539376	-38388344	121816	87884240	-20535770	74419	39012700	-8977680	33442	9157258	-2087597
376422	706828672	-168289728	405942	636296896	-145273728	322705	405260576	-80775592	193044	175683360	-28866068	139325	101794976	-15012279	85048	45648036	-5976073	39504	11132993	-644914
94833	159323040	-25671794	90272	142293136	-19533330	70007	92236448	-2461388	39780	44618340	-8499035	31285	28906880	-9718718	23557	16298144	-10040748	19473	4463202	-7679952
253830	425346304	-137390336	246706	379604416	-121655384	193336	241786960	-74603648	117776	101352736	-31961164	82746	56815488	-18885938	44938	25371264	-9665326	12936	9422496	-4897602
347681	609897024	-104269568	339147	547081728	-84375768	272507	355766336	-30334806	169019	157263408	-4996774	122154	92571544	-2265918	73571	43727664	-3903310	30349	15077938	-5877908
277936	466693344	-77614152	269763	416741920	-65668012	210373	267047904	-34713228	123465	118035048	-15395866	89342	71017648	-10781425	52987	35933920	-8469495	22843	15097587	-5615236
277191	463404224	-75376328	270126	413487168	-63777732	211447	263290976	-36035312	122955	113557424	-16594062	87759	66995236	-11216645	50678	32753728	-8427638	19508	13433777	-6166965
-138878	-241624336	-37035028	-134374	-216511232	-36193680	-107004	-141291664	-26229096	-68012	-63074064	-16178132	-50382	-36701988	-10534899	-30654	-16148794	-7363034	-13298	-3984197	-3303261
-130595	-211391968	-20750472	-125895	-187844064	-20594804	-97967	-118057584	-13316794	-58475	-48320460	-3566294	-38950	-26758478	-2115286	-21847	-11522044	-2565764	-9499	-2839479	-1299146
4637	-477100	-46218548	2374	-1111188	-43270368	114	-1564538	-28100572	-1794	-79995	-22460398	377	272227	-18500280	-325	1020038	-12441693	1919	779114	-6484026
233894	380090912	-183238624	226519	338016576	-167934128	180337	210345152	-104597000	102110	84236736	-53643080	71615	45571120	-36983496	39449	19353732	-20536304	15649	4070851	-7900329
246195	393104160	-227569520	237971	348859904	-208220880	187854	215411584	-127386448	103973	85296864	-63482976	72799	45953256	-43052492	39815	19582698	-23897914	15782	4118970	-9254097
248045	403020704	-80990024	240371	358246976	-65330680	188005	223896800	-21924782	106747	93615664	-3632473	75957	53197072	-667986	44718	23887744	-1607184	21733	5579617	-2341094
318856	531720896	-207640640	308909	474275328	-186295152	246283	300241760	-105451064	144550	125583504	-46693940	103473	70390840	-29655134	60182	30635510	-14879160	25689	6898500	-4685282
363086	624797696	51754416	353260	559027776	60500936	282561	359914976	64321088	172437	156864032	43768548	124881	90861600	29065016	75964	40475388	14106524	34985	9951469	4386076
257279	393090656	-76114960	247377	346821600	-67373656	188919	209957312	-32169760	101320	80837256	-8197240	66472	43661636	-3915996	36709	18177810	-1025454	13957	3950865	-285515
407203	700424384	-100841344	393259	626999424	-87830424	312252	406313984	-43048992	193590	179363504	-10282270	142306	104686496	-6118202	89869	46675432	-4933169	39896	10747151	-1715055
387523	636207744	-134030168	373729	566450048	-111942776	288028	359857664	-57552844	170994	155221792	-17600664	123460	89965704	-10105792	76226	40326632	-6491916	34959	9592881	-2050276
379454	625195072	-109679096	365855	556887680	-88992424	282510	354521824	-40581140	168156	153579840	-8426948	122131	89293600	-4219788	75798	40150196	-3784186	35052	9541814	-1284499
336105	540562880	-171535456	323527	480205760	-152641200	248759	301321280	-91096536	143246	126705960	-39335536	102238	72293784	-23770416	61111	31978006	-12461731	27617	7470622	-4353634
316945	511013696	-105379072	304805	454082112	-91101912	233955	285909312	-50265536	135369	121816424	-21143842	97500	70227936	-13167425	58996	31480380	-8088606	27700	7591844	-3530396
401844	552927104	-19740588	381273	481034656	-8107898	270914	277893504	15389064	128276	100749200	28592624	79008	55857716	22500256	44516	24535312	10504062	20360	6285869	2172497
494678	844120576	-84021680	476718	754944576	-69957776	377167	487973568	-25940972	231915	215075520	2664386	170561	125803424	2218070	107986	56438680	-1879799	48548	13179014	-1033474
483749	800381440	-91961616	463860	713386560	-77484096	361416	455732384	-30171934	217099	196125312	5182218	156421	113575320	5496760	96806	50356412	1268844	42880	11681905	232507
457445	729615936	-114120824	438790	647417856	-95907896	335196	405941984	-43305744	195525	169479568	-7771864	135335	96637224	-224439	81575	43002016	483053	37431	10167728	1095973
466193	744333952	-133761760	446844	660602624	-112874096	341563	414746432	-53315596	200051	173369360	-13011663	138746	98696360	-3000638	83374	43749536	-506788	37920	10266840	877332
-100643	-165105952	-75489056	-94645	-147135968	-69875992	-67798	-97150088	-41999180	-45184	-39939532	-16545061	-30467	-23142380	-9622647	-17727	-10871804	-6041361	-7985	-3713702	-3660087
-110001	-189481456	-113963600	-107006	-169524896	-107785408	-85457	-109630904	-72181936	-54817	-46171744	-35008268	-37984	-25443354	-19972436	-20035	-10527636	-8890499	-5066	-3652260	-3163169
-123028	-231585120	-59466924	-121360	-209119184	-58756656	-101268	-139125136	-47502104	-66843	-64133400	-31544602	-49478	-38245124	-23841320	-30735	-17539426	-16330176	-11307	-5978276	-8880641
4456	22117744	-33778216	2626	21476976	-31510352	2583	20185300	-20362236	4525	17833116	-19616908	8659	14891238	-16947532	10250	10691127	-11742118	14154	4035794	-5135310
243854	384161440	-229803776	235540	340356384	-210525152	184868	208619856	-130244480	100190	81561032	-67560648	68655	44018272	-47812588	35239	19973010	-29480244	10836	7193848	-15769502
248711	381040512	-199885216	239670	336362016	-178456960	182543	204039648	-104003704	97172	80081712	-50532748	65843	43867296	-35270836	34228	20156928	-22757160	11097	7577546	-13357672
234600	368875872	-179711808	228368	326540064	-159445792	177972	198653824	-91380200	94415	77651376	-42018624	63435	42570588	-29117062	32270	19583168	-19206228	9384	8040248	-11649844
330729	557277760	-120673992	320064	497634048	-101437968	253409	318014272	-41438240	150515	137850848	-12692560	107451	80469944	-7226793	63727	38184580	-5406930	27886	12931686	-5415509
305446	494342208	-89716560	293630	439493152	-76576256	224422	277829408	-40584812	128412	121158800	-17534074	91656	72464024	-11810432	54095	36558584	-8762959	23459	15242287	-5596222
307805	497388160	-69611672	296256	442064000	-58009264	226578	278935072	-28436832	129559	120693024	-11380231	91728	71772392	-7314370	54157	35836216	-6376596	23110	14582362	-4879016
308818	494936800	-80365760	297821	439379808	-68111272	227938	275260672	-37134720	128556	116810432	-16469334	89998	68493384	-10747782	51769	33530712	-8137056	20098	13748800	-6016778
149780	302108704	-194291312	141354	275494720	-184451872	85220	205062224	-170775840	89754	73504800	-26594356	57028	40875304	-20039328	29560	13554514	-7673657	1545	5174548	-7239388
264529	554142080	-157787680	248890	506980480	-155568608	168369	377602368	-170152496	174049	168667488	3065134	122944	102831328	-1578820	81903	45152772	-278237	28626	14785401	-5023278
234958	458377216	-234808832	218756	416807744	-222843440	133162	308003456	-202779936	137882	128640128	-27216494	90719	78165472	-15956065	60348	34399844	-5539414	19513	12528608	-6343464
217986	302747648	20405822	202721	264132448	20104154	133056	160715088	6911862	67394	56975728	24059012	33255	35820124	11604997	23428	14117996	7500334	539	7761423	-1435625
282576	452939552	-151283552	268859	402409792	-139247424	188922	259850128	-99575480	114937	109341008	-37017992	70565	68618304	-19729078	54404	30545476	-8197066	16246	11144106	-9540109
-12924	-57519324	-84474128	-15863	-54800568	-77866080	-20466	-42911856	-46554084	-19912	-23555182	-22555692	-13229	-16580182	-14409589	-13309	-8042437	-9557283	-6525	-2596204	-9713392
-133071	-220049824	52673280	-128571	-196046512	47148700	-98762	-124893288	32380040	-57916	-53579208	17762692	-39273	-32112382	12420175	-26236	-13142742	3092313	-10297	-3077432	-1146234
30123	53084476	-76957184	27978	47862868	-72702504	20557	32844098	-48280156	7466	18671690	-26282168	2135	16797828	-18637792	282	5379562	-8397577	-3237	6467972	-3999884
-6691	-17608386	-139223024	-7915	-16145858	-135190816	-4976	-12580937	-90291096	-7523	-8161694	-50266840	-5788	-5351349	-33803872	-10085	-4958630	-20025418	-8059	195788	-8701845
218788	347909600	-56401836	213058	308370432	-41124184	165527	189495792	-5552573	88459	75510784	9159537	58769	42687404	6793342	31336	15389033	5547310	7172	4997664	-3613819
322080	513844640	-108127184	307761	456132416	-90698120	230384	288307008	-44462040	128699	121831712	-10524183	77499	76427824	-13241390	54139	31130878	-3849782	12823	12876874	-4952372
297793	434442432	26943630	284432	380968960	33826664	209155	226973776	39282692	107027	82900056	20334288	57852	47019944	6558330	29938	16732226	5163138	2898	7931162	-2531553
350907	510933056	-18867964	336161	447880224	-8004068	246141	265957552	9163294	126529	95025792	8736840	67685	52555936	-2326059	37947	18876756	2867144	1520	8130270	-4321776
326567	545520512	-91486688	315117	486791680	-80832432	244198	311537344	-37958100	142161	133003840	-16476744	93184	80806928	-18662778	61766	33564404	-7976462	16070	12109382	-7376076
234214	354357024	-34422544	223171	312486240	-31537752	160978	193245888	-23767684	84422	79471152	-19245284	45869	51127824	-19773040	30805	20248420	-7744482	4780	10752262	-6690084
55251	162157792	-187802512	41896	153281216	-188915840	-8887	144649472	-194988784	15247	72612392	-74191440	-12869	72799040	-78117936	29071	17259250	-3018166	5704	7613428	-2668367
33963	26888720	-41961816	31317	20950112	-41394276	13132	6873712	-43807712	-10954	3525108	-55431008	-24824	11735050	-63511152	7954	1118898	-2601590	-3908	118250	-3106953
13213	38163512	-5357004	12501	35865712	-8399496	3809	30222092	-30778584	18921	4557024	12984229	9622	-1957181	7239936	1433	-4061582	192133	-4842	-3017703	-2159917
146912	302513056	-153978192	138902	276354176	-147124672	84781	207029696	-151909760	102285	79938224	-9411260	72616	40930784	-6694765	38378	14252721	-3583355	10084	997750	-3314076
180486	390685888	-88476320	171166	358472864	-88900936	113510	269906432	-110091504	130296	108933728	28986470	93188	59063776	21822834	54017	22779658	11889233	17113	3306734	4106530
77927	179034752	-130063768	69558	165565856	-127262432	28145	135709184	-121839136	64271	44177124	-3656598	38528	21515176	-1959343	19244	7433287	-850360	4314	914153	-563138
-101672	-164955664	-47695264	-96692	-146710576	-43809948	-68400	-95693296	-19904644	-41759	-41148316	-3988612	-30456	-25186656	-4448882	-20032	-12325436	-3376318	-11487	-3531386	-2912068
-157887	-274725376	11452196	-150936	-246363552	6009472	-116782	-163289408	-12313697	-75006	-68840640	-9929483	-55305	-40027720	-11254086	-33358	-17433160	-11430553	-13791	-4392584	-6096187
-140277	-231092224	4410068	-132226	-206048976	1510800	-98272	-134771184	-14454246	-61409	-50988016	-8514907	-41372	-28355720	-11284750	-24785	-11103955	-9237771	-8470	-1979858	-5426308
18988	28074824	20274270	18863	24664600	17617928	12772	14096337	-1854336	14048	297581	11773264	6025	-4334474	6160426	-700	-4965720	-615078	-5466	-3166194	-2453341
300884	524536512	-9267952	288843	470469440	-5804446	218096	312231616	-11448254	154022	130813160	30387820	109974	72044552	22564482	64962	28941710	11356486	22244	4972663	3604376
-53438	-127861840	-35025920	-58732	-117800400	-31060632	-38206	-87724448	-13237632	-28709	-42913884	-14674014	-15587	-33467100	-6305016	-25285	-16071107	-11203440	-13050	-5365572	-6281988
74274	201290224	-155018000	81853	187782640	-156380896	24447	154551104	-168489056	27893	77409328	-76481376	-5236	72983096	-84758520	32825	19435840	-6210769	8219	8113360	-4172767
14487	83137440	-111492080	26923	80015280	-110593264	-3184	71873840	-110326864	242	35968248	-44566852	-20563	41151088	-49801264	12444	7289410	-1210877	75	3862636	-1239610
94767	160220192	5960488	104871	142563872	-2484664	29913	100901200	-68378872	15993	39566924	-17659468	-23761	42808172	-54480048	25589	10969410	5897059	-165	4140274	-2793251
-83068	-198644880	-159413904	-97750	-182387424	-153209728	-85925	-123823792	-112878560	-58289	-59098436	-66078552	-43961	-36215988	-46441144	-30119	-16076772	-26583392	-13093	-3935752	-9852212
-109095	-244783296	-52638320	-123028	-223825872	-52084860	-107050	-150346720	-41001596	-72100	-70384424	-26956160	-54536	-42171064	-20116190	-35560	-18871096	-13552327	-15952	-4650362	-7031242
-132844	-265395264	28765302	-144275	-240358240	22216102	-118652	-156935392	9627908	-74815	-70694576	2644721	-55270	-41696020	861937	-35324	-18650528	-1659539	-16032	-4470736	-2031657
-132042	-262392240	26034722	-143345	-237514240	19327248	-117507	-154868688	7050402	-73527	-69870056	1708414	-54188	-41456196	239068	-35020	-18651770	-2591428	-16348	-4479196	-2715500
6317	-36377668	-102321440	-11951	-36376388	-98325296	-14505	-26835262	-63828664	-13028	-14245057	-36331340	-10361	-8804109	-25681182	-7928	-3483444	-15383567	-2291	-399066	-6689352
12040	-20343480	-44712980	-5909	-21158268	-42567860	-10307	-14417538	-27543126	-8029	-5543778	-22676276	-4097	-2805367	-18908996	-2910	-267293	-12869845	859	496497	-6730416
127991	239776336	17021042	139749	216086944	15765719	111887	136915776	8745225	67374	57162648	918815	46392	32072882	537322	27168	14289450	129099	12607	3376806	36664
266440	492222496	-74751280	286600	442804832	-63116800	228648	279873952	-36466484	132402	119211744	-15872162	95100	68850768	-9673360	57746	30922792	-5837798	27137	7465726	-2394020
269806	499454912	-73806632	290646	449367328	-62651252	231697	284145280	-35838200	134269	121353744	-15571682	96713	70215616	-9528881	58915	31576198	-5863627	27739	7631471	-2441802
-35907	-69328160	-10711950	-27449	-63437872	-8344086	-12225	-52848976	-12390002	-19070	-26006404	-4239396	-15724	-18371052	-3180031	-13022	-10602258	-2443311	-10889	-3939655	-3584594
9645	28156528	-13886368	8927	26532168	-15908524	3762	22009792	-28323582	14938	454874	4551896	6254	-4408371	1670009	-857	-5056082	-2317332	-5681	-3165829	-2781296
38815	73361088	-95106312	43200	65958688	-86212096	34624	39808052	-69505136	25923	6894539	-14880725	14916	-2337580	-9846554	1290	-5542302	-4817548	-7814	-3664636	-3805712
67691	88762184	-227999392	64316	76840424	-215995552	48355	41762388	-149579328	17564	12272745	-86241672	11294	5862757	-63051856	4262	3874187	-39236976	1988	2037422	-19628034
64109	66194768	-186891024	59345	55000856	-174690480	39381	24373308	-117143416	11299	1801384	-66527452	4496	-1718944	-48536880	-1566	-988148	-31646892	-3031	219877	-17650186
217086	351003168	-232269056	211235	311996384	-213289728	168558	193015984	-133429104	92611	75857336	-69994928	64232	40984356	-49631072	32742	18673642	-30560756	9570	6925038	-16273710
217072	350953088	-232507296	211226	311949408	-213523376	168554	192972496	-133609560	92600	75817640	-70087272	64219	40950176	-49695680	32718	18651084	-30597020	9532	6919437	-16289809
282291	484973504	-183324192	275216	434111040	-166034112	222681	278019648	-99353072	132430	118043216	-47532752	94972	67536464	-32628630	53477	31583232	-19693304	18735	11701460	-11085982
309999	489601088	-122825688	298823	433964544	-108066880	229370	268857216	-61382972	132909	105088896	-24628208	83449	57348908	-19407698	42424	26911122	-10786145	9961	12424843	-6277824
323785	576960320	-121034112	313920	518585760	-109593768	254055	340807872	-60043736	159920	154142384	-28071862	117495	92579320	-19359730	72980	45333788	-14109750	31918	16309003	-8345296
329303	543859200	-156559712	319545	484579872	-137358960	248756	306844032	-79012344	147471	128676608	-31815048	103233	73128200	-18825008	57549	33468296	-10491182	17960	12713032	-6353140
302605	504045728	-187998368	294269	449647360	-167604544	230531	285488096	-100411432	134370	121702096	-44269672	95489	70831416	-27868068	53278	34341956	-16543574	17613	14871648	-9381620
337060	565927424	-192486432	328007	505190112	-169197872	257382	321707744	-95841376	152657	137127968	-36787752	108815	79136712	-21110898	62095	36704456	-11795362	20437	13966484	-7569628
13755	73255712	-49082112	5376	71546096	-54643280	-32363	81339328	-93458792	-1273	34800324	-29620542	-21851	40635392	-43138656	12309	10266785	274344	1083	6573930	-1740284
151896	321658944	-167364896	140199	294897088	-167504432	74961	228677984	-191750688	82967	106709696	-64206984	43271	78964056	-75485472	56381	27174782	-3449091	13186	8271262	-1813096
152611	283364288	-238033600	138569	256679552	-232522720	67153	193816480	-227252240	71376	86841760	-89442168	27249	65585952	-87332232	48646	25558182	-6887578	12775	8795260	-3716915
109294	199610176	-233314880	95543	180879856	-227370992	26936	144647696	-223499120	41461	62391764	-75571704	3897	53104568	-79473624	33021	20145448	-4536088	9836	8424336	-3705525
102790	232156464	-196968464	87319	214740080	-196221584	25383	181140640	-200940752	53173	76887872	-61248788	20548	60949624	-64321048	33644	20557162	-5768246	8215	8960900	-3941457
263525	482614976	-156530464	249515	435561440	-149244096	166686	306314336	-148414288	114245	148141344	-75742848	60172	110182208	-91232280	81738	47363248	-8626691	34072	15392715	-7228700
-29094	-57300004	-17834380	-24040	-52401196	-16022880	-13742	-41749776	-19802924	-11081	-14526652	-17562284	-7396	-10691605	-19562484	-8812	-5295365	-9637348	-3677	-1906784	-6368056
35127	38750860	-243679296	30831	32878364	-231720752	24171	15792660	-158260240	7305	1746058	-85265808	1519	192008	-57638320	-4296	2755804	-31609304	-7282	6227987	-11872281
-274	16098992	-20029876	-1131	16252076	-20335968	1383	16208494	-12320453	3491	14280905	-9955284	4707	12603585	-7820943	5266	10366656	-5443672	7571	6977858	-1770281
72532	94702608	-228324720	68703	81911992	-216148080	51254	44527348	-149242448	18800	13287877	-85861904	11939	6449398	-62741748	4450	4267316	-39048924	1877	2414003	-19578818
90597	124729728	-227945232	86240	108672976	-214940672	65162	61414588	-146597568	27192	20248488	-83492176	17750	10248503	-60900180	7510	5854282	-37922228	2614	2955402	-19186242
240130	374579456	-236020160	231687	331475776	-216409008	181243	202113024	-134044344	97097	78049360	-69620120	66063	41776788	-49345516	32850	19100492	-30504308	8600	7612724	-16529236
240145	374537216	-236248992	231703	331430272	-216632896	181297	202059264	-134316464	97083	77997264	-69706656	66042	41732756	-49406780	32817	19072796	-30540070	8554	7606812	-16547335
232001	361187936	-194485376	225557	319356640	-173293904	175100	193233792	-100567112	91955	74581376	-47012332	61367	40499688	-32536180	30103	18657016	-20966992	7429	8262110	-12513920
310456	510492160	-189629040	299813	454649408	-171631744	237167	286344832	-101673184	136562	119125664	-48065164	96000	67489728	-33018836	52748	31650446	-20119364	17069	12460220	-11722008
313444	515744576	-189319296	302709	459360640	-171248352	239484	289427552	-101224312	138026	120502208	-47688452	97066	68305192	-32733806	53418	32023562	-19966550	17341	12574006	-11683721
304797	495387072	-216631008	294816	440540576	-195399040	232902	275164576	-113659040	132058	112128192	-54102828	91722	62401828	-37137068	48786	28841994	-22362704	14775	11366373	-12523888
318976	533520480	-43591524	307185	476079584	-30235504	239195	305353280	-1526401	143625	134182560	9327652	98969	80362304	4865468	61274	40387224	578473	25879	16419177	-1511630
359240	586945920	-143824288	345032	522379296	-123691328	267786	330546336	-59756416	158188	139763936	-14324178	106773	81000920	-9280468	61746	39254700	-6842859	18349	17189116	-5611764
386533	627804416	-63426152	372789	558169152	-45041056	288050	351528672	-6430620	171933	144911120	16886548	114709	81139168	9923088	64449	36456024	1627290	16705	14083641	-4200517
361719	624681088	-122076240	351086	559421056	-108907824	282315	360573888	-53218512	171896	156441152	-22994748	123680	90523632	-17820198	72046	42662312	-13935285	24206	15985662	-9835077
384792	682161984	-42835180	373142	612606400	-31348924	301694	401036672	342324	189219	180746288	8028100	139316	107608296	4788902	86961	51549544	-1001285	38835	16855848	-4278328
352658	606063424	-128223432	339028	542598272	-116027096	268883	352391488	-62990752	165121	157742000	-28905268	119917	94469488	-19977094	73707	46537276	-14562034	31507	17519102	-8804281
345359	577250432	-159511856	331780	515212096	-146238016	261077	329625824	-83493344	155987	142332032	-41086632	110447	83190032	-29245296	63188	40976008	-20546236	19885	18012644	-12551384
296543	473649216	-84207864	284073	420475456	-71671152	214651	265199344	-40003880	123810	114945288	-20312012	85396	68717520	-12482638	49099	35885372	-8344815	20736	16731165	-5718288
306050	496758720	-101381272	294012	441817856	-86831408	224711	279866976	-45649996	128862	122974176	-19470856	92086	74035224	-13006895	53988	38022072	-9432782	22731	16945548	-6165729
373042	594299264	-180142000	358758	527232160	-157370320	274261	329142080	-88788992	158718	135917424	-35071880	110120	76248176	-21306542	59519	34572104	-12243617	17570	13349902	-7905643
124435	208884064	20171642	117154	186693552	19538746	78703	126343352	-464722	27310	78920144	-26629392	8128	71551272	-37619388	35065	20644310	4137160	18606	5751044	976605
-52544	-108693400	-11911182	-47310	-99490368	-6537400	-24306	-77957584	21311908	-36846	-34330812	-5461271	-25597	-20499348	-3804901	-16430	-9787163	-2925052	-9002	-2691382	-2232062
-104006	-206651424	47158524	-97692	-188121024	43041424	-68117	-137111792	31005024	-63431	-59348088	-6412129	-47328	-34850964	-8373206	-28641	-15459289	-9574134	-12245	-4148966	-5437240
48005	136007680	-162731072	44417	127582824	-154311472	30974	103916672	-117751640	30313	19477158	-37519216	19526	8646470	-23315634	9034	2381987	-11044817	911	-180049	-3123930
17344	79315992	-47273460	16061	76280600	-44697752	12340	67454800	-33655584	7025	3387507	-12900453	3783	1177817	-8938786	1367	314395	-5106172	273	32884	-2300434
14984	62089276	39462616	13976	59434916	37222676	11176	51541632	27844208	2982	-1385890	14476008	891	-2099848	9253489	-894	-1873095	3455842	-1631	-951419	-198451
63133	193287680	-152408896	53664	182633376	-152534144	16580	161767184	-151427376	56000	33463010	-9227144	32771	13983668	-5670615	13434	3110062	-3023540	122	-458832	-1269450
181209	389217152	-152466256	170087	356978784	-146882800	107147	271221344	-158192000	136440	118267808	20550966	94810	66765848	16004530	58172	28014076	9060758	22505	5751834	3634101
153968	365704896	-196589312	142122	338572448	-191098128	85870	268411872	-187399360	112805	94621608	-5410206	76044	52859792	-201546	46958	22075336	795432	17599	4377544	147829
110254	272438880	-33838888	102158	252917008	-35672208	61672	202828992	-67351168	80613	71295240	22197788	55041	41311884	14980351	35861	18180720	7750934	15251	4194456	1751786
195777	386243680	14748544	185665	351219008	16536368	126433	254325152	-14498144	120542	105483672	51745172	87514	59290880	36094112	52540	24741814	18796820	21065	4691352	4675522
129499	311036832	-75737848	119581	288231936	-75464816	72161	229680496	-89811832	87449	69668440	1279188	58851	37381756	1836746	32678	15330953	1418311	12548	3115299	-608899
190158	371843840	-11969176	180166	337872512	-8232160	121604	244365984	-32675920	116296	98423352	42510904	83844	53903376	29749846	48288	21568364	15432880	17778	3599372	3162006
182851	392150112	-121546280	172421	359591456	-116217528	106744	273197376	-136140736	139457	118436984	28442336	100342	64973392	22190276	58112	25796098	13719754	20372	4286272	4221802
160876	351556032	-163598880	150999	323045696	-157581760	91691	248107136	-164561216	118268	95343424	-1497176	84246	50203360	-648427	46014	18794336	-191123	13919	2442002	-1461633
190158	371844096	-11969216	180167	337872832	-8232128	121604	244366176	-32675880	116296	98423456	42510920	83844	53903416	29749842	48288	21568394	15432895	17778	3599376	3162012
22009	20017708	-202345488	19178	16407652	-193292976	15883	5458154	-132557912	4675	-3340343	-72058616	1829	-4569418	-48212148	-3042	-2846800	-24898620	-2859	-957126	-8287756
93421	155976896	-87746736	90926	139162736	-79964944	73190	87488272	-49154132	42906	35396220	-22211052	29802	19192846	-13669056	16711	8016250	-5773393	6478	1607017	-1200894
21242	18662382	-202249856	18419	15191838	-193218720	15254	4679076	-132534808	4292	-3664890	-72076856	1562	-4748448	-48232384	-3198	-2918315	-24922934	-2912	-969304	-8307916
15688	28549660	-139998336	15055	25898910	-136529232	16407	15461219	-94642304	9320	2810353	-56518268	5965	-646152	-40820468	1616	-829890	-26249974	-1164	-927289	-10597426
229148	364117184	-214310400	221409	322951168	-195801264	174445	198922160	-119092944	95906	78418536	-59152540	66907	42179996	-39991484	36564	18032270	-22242328	14564	3789945	-8729040
239928	364652896	-217236304	230832	321608736	-195114512	175491	194273232	-114640952	93537	74976184	-54127600	64318	39866040	-36298776	34625	16516102	-20661390	13298	3147772	-8210102
250913	420720416	-98458832	245139	375272448	-80974976	195788	236593472	-33888548	112814	99748000	-7924099	80381	56832276	-2956117	47759	25137210	-1697580	22153	5798206	-1277597
263403	443395168	-92241016	255098	395870496	-76693960	200024	253333600	-37264696	120521	110515104	-10126168	88101	64122852	-5182424	54028	28585192	-2252911	24752	6801163	-116826
278109	462331680	-155871232	269378	412184512	-136444736	210033	261772192	-76804656	125057	112321376	-28811216	90721	64306876	-16912354	54786	28111872	-7832664	23653	6363816	-1512506
282947	468533440	-170924400	273855	417532832	-150693968	213291	264661584	-86286320	126620	113047152	-33658648	91786	64446504	-20092850	54978	28019480	-9500961	23455	6277502	-2133856
-34085	-63251640	65751192	-33067	-57122736	62181544	-27713	-38002112	43549936	-20729	-15966678	14689179	-16633	-7501588	4390433	-8308	-1492567	-1949721	664	769778	-3013156
91682	154306816	-79508640	89774	137763648	-72413344	73781	86091840	-43891212	42114	33470770	-21985968	28830	17583824	-15541432	14656	7008774	-8743963	5643	1383479	-2271343
90533	150726112	-74575192	88378	134400576	-67641088	71639	83901936	-40630116	41053	33078778	-19387798	28196	17640446	-13111104	15485	6914266	-6607466	5275	1165011	-1034616
-1366	-2625474	-22540438	-1679	-2307523	-21343694	-247	-1646077	-13482724	-407	-1600780	-8505836	-379	-1390002	-6328898	-1669	-574991	-4692336	-164	28359	-2050294
87556	146730016	-64216028	85342	130931256	-58036364	68940	82313224	-34431256	40403	33156254	-15257080	27956	17955610	-9712654	15899	7162084	-4106630	5469	1235162	-113986
67261	112991400	-64676808	65735	100902800	-61133224	54177	62862000	-36793388	32712	22911536	-18227952	21593	10751548	-12602423	10271	3312336	-8536735	1754	4430	-2440415
97937	154260128	173376592	95700	136433056	168587024	71098	84775016	119289064	35692	37536384	54402992	19696	25631920	30469066	21055	14408768	17991738	14937	4462166	4770094
104141	169410592	186017888	102170	150421792	181012016	76735	94976480	127661712	40588	42882528	59606548	23757	28944768	33961392	23823	15906827	19922244	16224	4821182	5579600
110233	182603328	145237344	107532	162571040	140167536	82624	103547640	97894808	45419	46706228	43586312	29646	30375992	24233340	25284	15997797	13088064	15656	4686440	3502698
149235	232667952	58993524	142383	205888000	57093240	107070	128426936	44334440	60922	54115052	16314389	39570	32129192	7253120	28036	15272482	2915625	13449	3841223	-64856
38099	45533048	-258196480	33179	39138984	-245338432	25837	20747210	-166241968	9331	5106058	-88467824	4031	2511248	-59333824	-1969	3788052	-32028800	-4391	5811352	-11505597
17787	45479520	-72372312	15335	42389860	-68416016	14024	33078324	-42794012	12016	21562846	-24797766	12912	16072557	-17070120	11727	10056646	-8966041	15104	2752066	-2154045
16493	42555972	-82388768	13884	39725300	-78007640	12790	31276176	-49450856	11002	20813060	-28454408	12149	15732702	-19508998	11167	10119512	-10240963	14862	3048346	-2562833
290253	478191168	-109906160	281580	425814432	-95337328	223042	267537440	-47919984	129318	109913048	-18150086	89145	61392776	-11824690	48746	27736100	-8623093	14390	10369526	-8478393
199956	310682624	-87376128	192150	274735424	-78218800	147028	168598464	-47064376	84290	65293712	-21059980	55499	34345864	-12645337	27230	14303978	-6652638	3976	5799868	-4447951
147191	232140368	7149690	141008	205737440	7270672	107639	128642864	3650402	62346	53042920	-2363487	40947	30312890	-2117928	21375	15476498	-2311862	6529	7903787	-2674489
280083	456826880	-122955024	271499	406289984	-104986328	210588	255399888	-56478088	123499	106681440	-22306942	86387	60029952	-14757731	47664	27025116	-9939966	14670	9895122	-7511360
216908	351119296	-41950796	210841	311980256	-33845708	164220	194804288	-20258324	90975	81364448	-10349158	62500	47485436	-8234518	34260	23959684	-7078870	12221	11220286	-5538069
-16934	6259328	90670296	-14697	9134704	86115624	-2193	14209148	71120912	16802	7143176	54052920	24649	-2474451	50129280	-5275	-1645746	4510596	2309	-765296	665279
49025	27255072	-154221760	45185	18702880	-145407600	20860	-1929720	-120097912	-17393	-3608244	-104925624	-35007	8601356	-104902744	12191	5210049	-12049818	-2556	2603460	-5479108
68165	164864368	132274400	68657	152227744	130285488	67391	109274728	115109088	60755	51925540	93909920	59944	24747104	87078576	7773	8666449	11011526	12699	3010352	3131112
28405	98330072	89732952	29648	92940088	87763720	37436	71696640	79506368	45675	33943168	72222152	50107	12256162	71739888	1879	4232176	4526066	9106	1210344	1102957
26483	101261648	85654840	27696	96230264	83793040	36364	75943936	77381184	45699	38679320	72011480	50722	16852866	72494096	1211	4329866	3614982	9077	1517485	835163
28405	98330056	89732944	29648	92940088	87763720	37436	71696640	79506368	45675	33943160	72222152	50107	12256163	71739888	1879	4232176	4526064	9106	1210344	1102957
58640	151350112	203819632	59743	140395264	196834528	60172	102348112	161300256	59539	48265980	111770128	57345	21895434	93586736	8326	7627938	16794616	11420	2373253	3865552
57835	149650304	172075840	58448	138901040	166745888	59317	101671752	141183296	59170	48376700	106140256	58390	21897160	93893408	7181	7154080	14200161	11510	2089064	3787146
54611	137019152	172170992	55261	126863616	166645472	54664	92135976	137720656	52568	43938016	99066776	50794	20673014	84832928	7606	7243745	15227964	10708	2278345	4009060
192831	264161632	-89299880	183230	229673952	-78992512	121183	134878400	-72689440	32461	66146996	-88706856	-8593	61621168	-104146336	50754	28800680	5994820	15802	10313471	-240234
194190	267910816	-94837072	184471	233184784	-84279888	122640	137518256	-75417616	34118	67405872	-88926064	-6659	62074272	-103149264	50559	28530248	5335058	15889	10178814	-421842
197934	271454848	-94313880	187437	236086176	-84756056	124821	138820784	-75427840	36777	66330604	-85893280	-3943	59776464	-101754576	48333	27119874	1282913	14610	9673458	-1413363
207032	280618368	-75099072	198333	243467264	-67694112	136360	139012800	-66414440	41365	60121924	-87233208	111	51600232	-104092440	40357	21342988	-5130752	8786	7788470	-4272123
-31533	-20821808	168527808	-27613	-15236556	160519808	-20301	696173	106402896	-7340	13933646	55337112	-3353	16708230	35318268	3067	16066048	15722526	7688	13390471	2137534
44234	75266624	-35880520	45116	67321472	-32305796	37124	41873380	-20751178	19958	16074878	-7705538	11938	9262412	-4696802	3745	5826268	-3709475	-5726	6510279	-5298796
95491	159422944	-17831626	92232	142241408	-12393952	72946	90793784	797570	40520	40773424	2655086	29500	25591548	796514	19658	14098591	-4196359	11281	5679794	-7608421
236156	408835008	-89593568	231985	366252064	-75049912	183284	236546192	-41311768	112785	102937288	-15207527	79067	60488384	-8396344	42959	30272400	-4748711	9885	15810457	-4274250
212900	418364160	259562256	213968	379431616	256443088	174992	258551264	182704768	116938	126920320	100078392	84929	82230848	65607056	58318	44706064	35087068	25722	21577444	8531655
149295	249333760	62929420	146460	222458480	61624920	114923	140939824	44835140	65182	58571696	22640986	42707	34678464	13729450	22843	18186374	4402377	5733	10128082	-1733929
278617	482753568	-55321136	271365	432491712	-44063052	215369	280179008	-13387564	134084	122873040	2467559	93901	72314720	6101574	53686	35401716	4696888	17589	15853414	-142733
323838	562927360	-97992816	315758	504464096	-81426208	249597	327337056	-37181048	154103	146147792	-7161952	110325	87513464	-472990	65745	43167436	480012	24898	18218630	-2590890
421509	740103232	38633252	411263	663825536	47564292	329937	432171552	55766528	204473	191565744	47172328	149207	113384776	31187848	90664	53291280	11440835	34316	19023148	-1361850
430999	752975488	-12349678	420922	675037888	6392564	334881	438706624	37851784	207085	194975632	39379532	150058	116088992	28605276	92505	55661644	10390641	38187	19740122	-1539198
418635	708733248	-115397552	407083	633252352	-91403024	319262	406085440	-34384916	190605	177297584	151074	137735	104782112	2409468	81646	50215304	-1449890	32002	18934926	-4283554
17357	40429472	9998758	18851	37226244	11526775	15926	26439702	8065489	12010	13442369	7319048	8537	8976471	5655673	7941	4847252	2754438	4813	1340944	1257542
432970	718283712	-100776392	417026	640329920	-81870600	322302	409334272	-38736792	195936	178402864	-8681077	141017	103517344	-1104039	85861	46852820	2384780	41128	11640182	2591438
62306	120702264	143016576	62006	109212160	137499536	48997	74044504	90944272	36407	36561304	69568224	28639	22275420	45547676	18968	11040645	22647274	7124	4076666	3840229
299586	534330272	143608064	288630	480292000	147159008	217070	322698624	110394976	155535	141741824	99391656	112645	82425584	70943680	66587	38118380	37588216	22871	13855606	8796900
285411	491972672	19378024	274192	440645664	27492534	201325	292437696	16274876	144918	122866528	47576384	100907	68207208	34309504	55237	29556274	17082184	12155	11221570	-56332
-33486	-20653108	172699296	-29200	-14849030	164470944	-20953	1368927	109007408	-7363	14374852	56744080	-3240	16987076	36295244	3272	16218306	16262974	8021	13424974	2326260
30418	78063960	180016144	32888	72200816	172441792	29833	52467808	124695480	22207	29731014	71677736	16689	21388792	48057300	12756	13379270	21917132	9008	7949234	3716604
325748	528736832	-60004192	313574	470165568	-47526956	241126	296891200	-15131242	142316	125780008	2849969	96003	73065688	5375842	52889	36234620	3122206	14588	17771706	-1887152
131602	233765920	101634368	125538	210250864	96001136	84112	145204992	56705900	53004	60796256	31202620	25984	43487368	14332555	19624	17830612	9118524	814	12104442	-521636
307957	514137184	-40210332	292324	459037952	-31716252	211668	302265696	-15969190	133727	125728544	20711718	85192	77762040	14237357	58418	33295332	13476761	14791	13307156	-722926
-11243	-38462248	21364248	-12476	-36252912	23357614	-14085	-27619312	25674292	-13231	-13255426	8484524	-3648	-9873384	5746670	-6336	-4581279	776430	-2011	-2154848	-4946088
-2663	-18333800	-3930117	-3763	-17695428	-2031533	-4866	-14610328	6542136	-7271	-8258278	3842471	-1013	-6769352	3440212	-4153	-2601102	24509	-849	-1139961	-5130252
-9594	-38854864	-47282984	-10825	-36897404	-43861388	-12309	-29250398	-25739386	-13802	-17046580	-15816459	-7782	-12698573	-10730640	-8803	-5822466	-6988638	-4883	-2008643	-7828896
-32902	-14607002	172780656	-28817	-8876126	164933776	-23639	8057113	109276176	-11747	21795696	56045528	-8903	26592444	34643284	654	13687345	17350822	3667	12754707	2784648
9239	30329022	200211808	12226	28311300	190473280	13032	20128752	138539792	7915	10175760	78421352	5263	7279516	52303784	-227	2378227	25525884	-226	3087466	5108689
64495	91293160	27410868	61247	79785840	30381994	44882	46873184	33946648	21567	18042818	26555552	15973	9560388	20348112	7378	3300804	10641464	1984	910326	-2336885
245079	387885344	93598440	237398	343606784	100775672	181550	212375248	99235424	99110	85615216	62963928	63869	49778104	42382172	36993	19661688	24138472	10431	6821445	3266600
241685	361660064	-54630784	232813	318200704	-39907100	171753	191598848	-6012194	89064	73293456	9401912	54220	41462892	6133364	31321	14617733	6998804	2758	5449243	-3901452
164152	267917488	145828864	156522	238558592	138082688	103721	157741952	84420408	60501	78185200	42945988	30969	57906616	16582276	26160	24401096	8752538	5051	15614704	-1815480
151636	223544992	69070712	144275	196453744	66997524	100958	120139656	46986668	48123	48467136	24949100	21941	33224940	11773248	18082	12883562	6724109	54	7820334	-1697933
151465	223511488	69320848	144119	196450736	67203248	100866	120216072	47016100	48156	48575488	24899250	22045	33301232	11751993	18159	12925494	6720784	108	7825876	-1697203
290702	434999968	213534080	282067	382362080	212037584	206595	230036624	152580416	104537	86340224	76628536	53233	52108228	39982676	28282	18978404	22892128	820	11147781	2447696
362217	627371200	209239584	352901	561671360	210559008	274621	365578720	170704592	163981	165075712	112985216	109927	104774168	75055024	74993	45380732	45788856	26504	17933364	11800850
339852	542337536	-51996664	327880	481128640	-34646520	247095	301408576	-1537025	137307	126607368	12469924	90398	76480104	5522654	57396	31623600	5508624	17892	11074324	-1305212
103480	181626688	86871728	96938	163228704	83684880	47170	119354392	20053360	7678	79273224	-32707880	-23198	83422184	-65998516	39511	25904528	18469924	14322	10965636	3888832
124018	309881248	41855824	114175	288002080	34237840	58783	235620480	-30115264	92737	70647960	66212272	61068	36920764	44128880	34217	13151640	21539186	8424	1828858	6694072
-825	11107058	217012240	2983	10835254	206979104	1280	8751028	134187744	9428	1647585	89172712	3625	-1277503	59978916	221	-2881429	29363184	-2066	-1876296	8304172
-8286	78108176	28442288	6475	78925240	20810024	-17209	81998376	-27965140	4015	48397068	-4125208	-8740	49898616	-17129108	22456	15707149	7810878	9020	6769948	330791
126311	227558896	21607516	125710	204705952	26924932	102888	133250576	37590028	60454	61141216	31349064	46699	37778676	22730226	32378	19076346	11472327	18858	5133365	2640088
92674	153505808	-13115857	91615	136798224	-7827034	72449	85522608	5350790	39686	36122072	7333410	28623	21303918	5545816	18855	10255068	644423	10661	2232433	-2705522
267252	514391872	-53314256	292143	464064480	-45359664	236354	296015744	-15413477	144437	126409928	2821906	101530	71798872	7110630	60562	31315040	8635309	26941	7179749	5695989
299126	572897088	-104689680	318928	516897568	-88078736	256719	334204320	-41516968	158890	148864992	-7664778	115745	87838096	605480	73537	39968116	3096482	35386	9828355	1904742
298167	568026176	-42319368	320663	512253184	-30307692	257291	329256960	-4929860	156105	145559104	6025423	113940	85739720	7657176	72074	39248044	4320622	35052	9671262	1521500
376754	714107456	-127578480	406692	643505280	-106834664	324042	411775680	-53213432	196092	180288704	-14771622	142443	105079568	-5556737	87851	47399092	-803875	41392	11614074	1195199
119432	199904672	-87545352	117754	178335504	-78680592	94836	111708496	-47314544	52836	45077128	-23803548	36053	25386056	-17440604	19039	12427451	-12495240	3571	6186967	-10428430
213202	377471808	16762273	208063	338948032	21782152	166468	222233536	18808550	104783	100828104	12479042	76374	60642284	9904122	46113	30315848	5010070	21671	11599188	169732
382733	676916096	-36477176	373639	607700032	-17992486	300438	396965312	22311748	188078	177354992	28668440	136645	105468864	21714246	83789	50518396	8916686	35389	17736928	-1284923
322768	559097664	-135663904	315574	500887360	-115021432	250045	323830592	-58651208	152010	142958480	-16817428	109881	84950824	-8081167	63182	41571228	-4933571	19113	18988666	-5878880
330690	579217664	-141675152	322168	519489824	-120570200	256171	338028512	-60191288	158134	152258768	-18806286	116561	91169536	-9688854	70182	43986788	-5386300	27744	16995272	-4704221
-146325	-250567024	14444552	-140908	-224175856	12708523	-112165	-145255376	7446685	-70448	-63441072	1418516	-51551	-36255488	736674	-30500	-15589742	-1440436	-12500	-3654314	-1334217
-136276	-218680112	12828798	-130962	-194144448	11283871	-101982	-121482968	8550145	-60452	-48946072	7743355	-39995	-26706426	5080240	-21934	-11267756	1180572	-9081	-2657194	-62977
57967	102933744	-13476530	57456	92442272	-10337465	46704	59894020	-2623456	28571	26352308	2836949	20257	15625372	3548801	13945	7223090	2998264	6557	1594291	1519422
288669	494968896	80329544	280989	442656768	90079648	224431	284289696	96920984	135762	124588896	69863352	98207	72986136	51481716	62530	33350102	28428224	30819	7779739	9668882
316586	547049408	29676948	307743	489727744	42529880	247531	315783936	68726768	150351	139101408	60081544	110216	81623088	46285128	69696	37307308	26440120	34019	8840829	9248284
285386	465680288	-149739936	276916	414188480	-128953032	216256	259501520	-65234052	124209	108406304	-21869940	87770	61316936	-11470856	52090	26859034	-5019714	23034	6018627	-1513530
362209	632889152	23847324	352591	567284992	38303964	283900	367833152	67394664	175621	163167312	59935760	128748	95846088	47102084	81407	43593792	27889878	39325	10413446	10863658
419813	728728320	38071056	409920	652641088	50625120	327833	421548864	59169352	202415	184261568	47761324	146364	106680584	34013076	90481	47092408	18522980	40086	10996512	7328750
186589	273404544	9191010	179228	239883168	11201390	133135	142070496	14509254	66533	53651952	9198828	42006	29683672	5149224	23666	13211061	2467191	11007	3353069	741734
371701	635601472	80186528	359344	568404032	84363656	284638	367263904	77435080	175915	161860384	54262936	129634	94241056	36476968	80847	41751988	17302612	35936	9723284	5427202
404998	684585536	-91413880	391532	611541248	-69918824	306027	393375904	-21642612	186381	173680800	8155399	136962	102046824	8788894	86712	46020308	4674324	40288	10944012	2567920
416247	703561728	-105671768	402591	628480640	-83113632	314603	404153472	-30619104	191831	178167376	3769402	140501	104519792	6373080	88813	47003620	3876150	40921	11162836	2592627
357832	609067584	-70209720	345909	544570752	-53507868	270696	351675488	-13729412	166594	157174720	6868646	123785	92814088	8405096	78732	41952540	6141434	36972	10069235	3581466
375637	636079808	-140693936	363307	568383616	-119164464	284079	365680032	-58948992	173032	162071056	-14530660	127133	95407032	-4625607	80580	43007976	91855	37494	10354256	1727362
392207	546278336	58565416	373196	475971648	65773440	265403	277059712	64504316	128448	102342640	52953616	79828	57052208	38484364	45292	25083346	19069406	21005	6407272	4354636
490275	828392640	30176970	473329	739871872	39957240	372520	475538400	54064812	226764	207721680	50503124	165617	120973784	35169384	103724	53465088	16281895	45742	12360619	5220396
470840	767446976	17565308	452196	682666944	27577772	349771	432435040	46122100	207229	183142912	49646068	147863	104933672	35700772	89840	45826480	17381592	38551	10473451	5643338
448446	721296320	-28315412	430726	640630784	-14209066	329522	403431328	16208846	194956	169925600	23731888	135614	97242880	20948608	82046	43331284	11997736	38053	10227493	5174956
467964	753600000	-59988228	448956	669473152	-41970728	343511	422299072	705245	203678	178401216	17554064	142084	102288888	18210690	86289	45682932	11015107	40143	10809275	4927736
-116522	-182340912	-30878860	-109174	-161583648	-27957208	-78616	-103638944	-15384224	-49892	-40446448	-5035618	-32790	-22116160	-2390047	-16912	-9785777	-2060870	-6500	-3287117	-2004956
-117716	-194111296	-59424440	-113349	-172877312	-56488716	-89635	-109710008	-38614956	-55410	-44152400	-18725028	-37540	-23423206	-9897065	-18919	-9137897	-3626710	-3933	-2876560	-1061363
-113820	-201332640	2438474	-111430	-180657056	202130	-91119	-117023416	-4676670	-57665	-50526464	-6450444	-40967	-28463954	-6648813	-23258	-11906368	-7107928	-6277	-3760320	-5686425
56317	85677272	-28292926	55582	75510840	-24748924	43119	44658836	-14063608	21231	16085818	-4023163	11526	9013741	-2367070	3363	5842868	-2632614	-5499	6576843	-4937709
314032	542892416	29000960	305143	486041536	41727016	244601	313840096	67003128	146968	140011424	56850248	106600	84119672	42333324	65862	41764180	21597428	30004	15510666	3454234
281418	474211776	-40315548	273979	423279040	-25375032	216821	269333408	8528922	126568	117436720	17047158	90377	69619864	13842458	54197	34160948	5137360	24116	12664844	-2938516
266195	460813120	-33283036	260832	412483488	-18659994	210376	264373792	10004712	123685	116606104	15549280	88808	69679656	12438507	53393	34519800	4387530	24020	13245518	-2716754
364630	617342976	-66271348	353932	551452544	-47770596	280644	352592000	1725416	167894	152483952	17731206	118802	88870048	15496777	69835	42095052	7574711	26971	15465767	-1374105
363977	596560256	-139754720	351370	531033408	-118232384	271131	336203744	-58666136	158009	145207968	-15594262	111356	85525024	-7151084	63544	41880824	-4492630	19577	19069784	-5671440
371025	608658816	-156489088	358133	541844416	-133967208	276642	342924896	-67835704	161676	147594896	-20396044	114098	86454216	-10000803	65586	41592316	-5752732	21288	17703998	-5821953
365959	614981888	-150514832	353250	549022400	-128431256	275153	351992768	-63533300	164941	156118880	-19624884	119544	92892688	-9866080	71619	44747304	-5305761	28470	17160468	-4554778
181518	400607136	-26288648	174222	367944032	-22345256	118403	276885248	-51509044	119098	114611048	37358748	82749	69997984	26261678	50658	28967340	18236340	16091	10891820	2340184
263737	554378816	-45449576	248984	507213408	-47290512	167495	378208032	-91081560	172186	167481728	50237808	121037	102729424	31729648	80446	45090852	17831778	27931	15485317	1471470
231415	462456832	-180402688	215857	421445696	-171627392	131908	313916704	-166768752	139818	132477808	-8970711	92803	81173296	-3382371	62560	36026520	1378583	21188	13109856	-3923256
269917	413714016	23652680	254221	365573504	27732716	176882	231895552	26097248	98938	86883112	40491804	56242	53425520	26378836	37612	22192964	17971092	6356	10272852	903658
281376	455807680	-118976696	267975	405447296	-108736544	188560	263224288	-77563808	116340	111920136	-25975944	72021	70591840	-12188045	55847	31592456	-4015562	17296	11514019	-8106527
-15393	-41167160	9272021	-16485	-38191352	10266656	-16492	-27423208	13960498	-13784	-12977887	12037092	-7501	-8405972	10540926	-7066	-3316994	3574592	-1484	-886507	-4966102
-130199	-208746272	70522600	-125416	-185301376	64442568	-95378	-116203904	44828648	-54112	-48076596	24228086	-35794	-28196800	16625789	-23352	-10941404	4957336	-8015	-2288894	-749860
23491	63012748	88013032	23845	58731312	85256856	18133	45934648	60688216	11410	31468772	33357032	8032	27287632	21744428	5760	11476500	11707979	2774	9339758	2868308
-19299	-9959078	193467744	-16354	-6694842	183809728	-11215	2209337	129175464	-6520	9850086	71810848	-3377	12176393	48816360	-2480	5568582	24148312	1403	6323332	5207503
239917	375839264	-68752848	233158	332512704	-51837424	176839	203886352	-13791413	93147	80737464	7505282	57014	47352516	4405908	34641	16889306	7568473	3388	6676664	-3617917
239622	436104512	266554288	234871	392521440	261244000	178905	263852368	181546832	108248	129530368	97106248	69519	90403904	58117852	55834	40265936	35023748	20125	19593140	7847092
324195	475343104	130408800	311539	416967232	133046432	224952	249762528	98164112	115374	92591768	53682876	59722	54401288	25675936	35463	19969756	16035340	794	10062702	-1341928
278826	398857024	175532560	267285	348638592	173235296	192142	205653120	125766336	95064	74411752	65256360	49318	43122524	34412768	25877	16314893	18209710	3858	8164613	1138804
371012	642267328	217014560	361328	574978240	218135840	281213	374273088	176030512	168071	169002064	116227976	112927	107157136	77097512	77050	46648184	46496112	27416	18396368	11894155
279449	447440064	-23701196	267651	397293280	-15421702	196891	252194880	2857988	109617	110909760	9059854	64392	72792480	4571602	45936	30178194	8610266	11431	14622700	38855
23960	150598960	-29895196	15481	147012032	-39841860	-22125	150677824	-89541488	15845	87746560	-16215654	-3243	85269264	-35443048	32387	22665874	9092854	13048	9816056	520817
27886	66882120	212822400	28675	61636004	204635264	24731	44901176	152356384	20247	24756152	87837560	17191	16413736	62642664	1817	1879576	23325662	2950	791835	5230116
24361	77114984	203172784	26261	72386120	192643472	14715	59082952	114189224	28142	17816236	99003376	17048	7820678	67896936	8447	748722	34439720	653	-1236229	9997679
190013	400844672	32162824	183258	366548000	33532712	128696	269328832	-7837840	128014	111568072	61624624	94781	62247336	44396048	56262	24991880	25337094	21206	3959945	7172058
212877	459420416	114304704	204566	420995456	108173640	139218	314216416	34136512	147291	128691528	117359264	105660	72570328	85965624	64259	29395782	48813116	24457	5441242	17052664
60533	156302112	-91516296	53220	145920448	-91447248	15681	125064240	-98994112	57753	40788772	6379042	34902	20337144	4691892	18046	7270200	2380440	4353	1026420	381191
-110592	-176685552	-15620936	-104888	-156871968	-13490669	-74971	-101229304	456740	-44892	-42613276	5580404	-32219	-25586290	1304213	-20486	-12293696	-576758	-11280	-3435365	-1992978
-161308	-273471456	123282984	-152786	-244677312	112954888	-118534	-160466656	63943052	-75126	-66227244	32680416	-55030	-37363908	18189184	-31791	-15853716	4709865	-11681	-3647942	-498704
-126859	-193065904	96712088	-118359	-170584752	90605760	-85438	-107732208	53291528	-49975	-36358724	30935802	-31522	-18305436	16514091	-16134	-5814014	5754822	-2940	-537454	-182403
30769	63263952	226796960	33142	57320776	216930480	23825	38882512	142495568	23819	14053567	96658144	13929	5691714	66018388	6553	-110978	33257536	-12	-1401783	9621755
327818	577783680	194807872	316758	518519904	192573808	239748	345128800	134150328	167352	145275504	117814000	119381	81801048	86178480	72741	33464878	47866124	27383	6397014	16756420
-64185	-123162752	69159368	-67476	-111312136	67708296	-43185	-76939104	56167620	-27209	-33570768	23160544	-12350	-25217052	21101804	-22801	-13292604	-1084997	-9644	-4208096	-2899902
14282	150896656	16221856	27859	147871808	4363712	-15058	143572384	-60071328	14937	86803136	-15352300	-5213	84748440	-40139000	31550	21627504	7037880	10199	9869872	-322985
3660	83721064	-21445076	16242	82549520	-24986188	-10091	80174160	-50145736	-612	45659112	-15578258	-17168	50129144	-30651808	14335	10753718	5111258	4069	5570381	-105177
89668	155723952	112553928	100784	138895600	99841768	26276	99716368	7218208	13828	38417152	28864664	-24919	42584936	-20455316	22045	9510061	21165366	-2057	4349636	2459568
-91267	-198312608	-69514592	-103885	-180699744	-68568024	-89474	-119100792	-56790832	-57021	-53421212	-37113356	-41974	-31286920	-27803608	-26900	-13037796	-17190972	-9738	-2705621	-6850574
-99566	-215537120	8120910	-112804	-196380336	5813523	-96735	-129389664	1091716	-62954	-57983560	-2225842	-46154	-33559708	-3157498	-28321	-14308834	-4458102	-11241	-3345837	-3929608
-131746	-258217408	52197224	-142979	-233387888	44764200	-116803	-150903184	25694810	-72249	-66571036	11222799	-52671	-38690832	6446412	-33048	-16861678	1214491	-13965	-3856374	-1372383
-129136	-247686656	60373936	-140034	-223363728	52323500	-113329	-143040368	30369324	-68348	-62186516	13901810	-49267	-35965684	8148836	-30786	-15462104	1328859	-12744	-3417758	-1937368
-173	35992424	13141271	14061	35862304	14425732	15121	26053654	9214575	11845	13506558	8135286	8581	9065582	6248104	7992	4895852	3121846	4883	1371476	1402003
32181	84626320	-14199563	44690	78727664	-11553946	39730	51583908	-5101480	24546	22894096	1177376	17519	13659921	2257942	12249	6368293	2215597	5813	1413636	1181877
175589	335840928	-59547736	189212	302801024	-51978260	152868	194029936	-24445280	94340	83585256	-5136665	66827	47750148	853090	40430	20860496	3459383	17805	4782727	2893982
321494	612870528	-151272544	341197	552765312	-129548232	275510	356991616	-65821772	169175	158827328	-19263950	125348	93282984	-8435143	78379	41778484	-2198123	36279	10079624	440726
325229	623084928	-154167200	347025	562183424	-132499744	280353	362905728	-67996896	171886	161411728	-20185544	127302	94835400	-8854624	79726	42507928	-2335695	36919	10250581	440703
-19229	-15325666	82294744	-10470	-12582894	80808408	5445	-12728784	51092608	-1919	-4661624	29977634	-815	-3889378	21071524	-700	-2981219	10712118	-2902	-1822290	797370
24502	72000088	205306416	26371	67257176	195727456	17626	53043764	124575888	25645	15427709	95641104	14886	6480123	65923088	7027	222044	34056560	244	-1258130	10164319
59267	151958512	75237632	64727	140606112	76177296	58855	100494208	44215048	50774	39379692	45896228	36915	20136176	32900584	20326	6492464	18157600	5000	-242937	3861883
131183	236644000	18387794	127911	212882080	23906968	104546	140425248	34434452	61978	66900056	27496680	48053	42927692	18552120	33386	23622914	6930063	19497	9223642	-2161329
95196	158899088	-17173268	91940	141769744	-11788648	72709	90482072	1220908	40361	40648956	2826971	29393	25527930	902274	19632	14071432	-4148657	11354	5639736	-7575516
290791	518158752	34187836	284744	465431680	45963332	232188	303537376	67562768	142119	136744704	56551368	104014	82532880	42221996	64539	41076656	21535260	29388	15368638	3210852
290738	518128576	34353708	284691	465408544	46118252	232139	303541952	67708096	142110	136771856	56616000	104016	82561264	42274132	64558	41095704	21568078	29425	15372800	3222992
316944	570976128	81061728	311135	513488768	90418480	253112	336935200	94507336	158149	152777664	67562736	114926	92546800	49382368	71519	46084256	25865976	32062	17763200	5033505
213890	377691968	174854496	210991	338942176	168237536	166014	221950624	108062200	103422	100260240	50432400	71056	61755932	31735250	42186	32949046	16192408	15581	16961034	1863398
327401	583409408	95583376	322054	524102656	99867344	259255	342869536	82429600	162970	152814688	57195068	117955	90742928	38347528	69544	44035248	16470055	21491	19233258	325051
296964	508524192	7856207	289741	454876000	14574916	228174	293313376	19568148	139775	128962376	14522774	99150	76178048	12148492	58543	37107196	6212798	24480	14329929	584875
304747	537162496	-25670178	297798	482177504	-13630936	236578	315422784	7545690	146566	144175696	13594993	108254	87899984	10662474	65262	44535996	4771555	25747	19582568	-1271816
307877	529676576	-45918200	299673	474123456	-33530120	236131	306675232	-7053788	143646	136866640	3491434	104531	81921856	4454798	63574	39997212	1223187	27600	14879609	-2040468
115284	218596096	-191497664	102235	198637776	-188501568	34612	156655232	-199651408	45574	67661728	-67576152	3286	57367772	-78703416	34152	19549166	-2059414	6123	8324688	-2295693
163397	358944640	30349440	153174	329805696	23674768	85931	256469456	-53913144	90546	122364208	17533724	49583	91795440	-16568260	60739	31798358	28389538	17003	10809604	9687566
154510	300219584	-81823936	142337	272965760	-81390472	80022	204952096	-100544144	76728	92453504	-27769284	39227	67277408	-36781128	45976	26048422	4818897	15968	9121522	318060
108457	202501440	-204408048	94998	183885808	-199845280	26699	147816128	-203476000	42077	64157744	-64560152	4424	54660136	-71965680	33715	20644076	-321795	10298	8626758	-2344092
42420	176183440	-18264864	33277	169237856	-29278672	-12323	164123888	-91120104	37945	81876184	-9735138	18404	69344472	-31058476	33047	24496232	7942128	12415	11652119	-146646
264763	491283616	-46833264	251604	443857824	-43574388	168219	313628544	-72212016	114955	153348448	-30552324	60682	115317888	-59226252	82161	48628044	8826563	34782	16400958	-914533
-36226	-55556348	79713904	-29503	-49513052	77308208	-11681	-37815608	54198424	-12794	-12678626	16382013	-5262	-8843549	6746150	-8608	-3874434	-1928243	-204	-1473968	-3796929
-15189	12600809	174997600	-11459	15087356	167857648	-7340	21441118	113372384	669	24788748	59999404	2634	24275416	38708820	7228	20973482	17721062	10494	16371834	2823586
34491	55723032	15694826	34323	49515548	16930802	25615	30969204	12769997	13064	13808344	9483028	6416	9670328	6262220	761	8302525	1645621	-5929	9953238	-2484488
135157	241538176	19452688	131484	217041872	25053098	106814	142670192	35733708	62829	67805768	28430254	48440	43537448	19263414	33463	24127362	7347878	19375	9746412	-1989762
152925	271095616	21073162	148786	243380960	27300138	120588	159236704	39139772	71055	74593808	31320624	53982	47270908	21587928	36377	25723924	8742390	20119	10337457	-1538617
310979	537474304	33917864	302451	481150752	46129144	242741	310369696	69233936	145321	138153680	58103636	104880	83039112	43406876	64212	41526708	22078250	28453	16194597	3093967
310900	537439936	34072880	302376	481127008	46273300	242681	310383488	69370568	145315	138191136	58162628	104890	83076048	43455644	64239	41550008	22110632	28498	16198591	3108383
261837	453027296	-19089648	256910	405460512	-5646910	207430	259555296	17668908	121286	114213296	19606294	86555	68380040	15005882	51673	34271780	5221556	22351	13973322	-3180320
342052	592417792	79930856	332813	530458912	89737304	265307	343237664	95703096	161094	153325920	68764408	115038	92408952	50161108	70267	46356136	26029564	30390	18862346	4476629
344763	597003392	79409616	335417	534560544	89320728	267351	345894048	95536880	162369	154478448	68773512	115969	93071760	50174828	70860	46649104	26012620	30589	18947496	4481648
353550	614205376	37372824	344133	550166784	50713928	275783	355975360	73996144	167491	158775520	61548640	120453	95192680	46566256	73167	47184588	24620692	31192	18643310	4736656
302497	510308352	166167872	294481	455537952	169083360	227503	292865152	127001400	135528	129404656	72889112	91388	79095584	47551096	56362	41153528	21934284	16325	21093524	1679941
262531	474565024	262598528	258494	426761696	257875488	204687	282679584	180642992	127718	133570216	97594992	89958	85433904	64701184	59003	46823572	33027038	23610	24238168	6455704
265725	479641728	198801264	259700	431324928	196196192	207428	285673664	141777904	131689	133453616	76325744	95457	82973736	49568692	63058	42246988	24176994	29536	16660410	5944946
398486	704592064	180756112	389809	632177024	183774864	313420	412075104	154989424	193466	185949888	105003992	139807	112175544	73924264	85973	55126860	38049776	35018	22282512	8221772
418477	722078336	25661654	407631	646316992	37148720	325460	416681856	48662208	199103	181511520	40592624	141543	105793640	27720348	83119	49660524	10829120	26751	19541282	-3505322
368583	613898880	94368248	357565	547271680	99309912	278719	348726880	84555368	166056	150413344	58958580	116042	88086928	38735512	65557	42960916	15707318	16831	20528518	-1485657
350676	598692096	193960320	341396	535115296	192142736	269580	344767712	146280144	164246	152435152	89086856	116749	90432128	58215892	66194	44706348	27361232	19995	21479804	4295282
351066	561927552	-92089304	338335	498776768	-75346312	258080	312475040	-34841040	148568	131543200	-5812932	100157	76608712	-338840	54329	38379876	-924039	13007	20000980	-5463314
359435	578456192	-128065784	346579	513787712	-107231616	265073	322516864	-52211436	151889	137092320	-13178176	105230	80188800	-6211693	57733	39703968	-5028250	14192	20050140	-7397569
340486	563711232	-34903272	328215	502383520	-22118404	254160	320579040	-1251461	151570	140071728	6392308	108121	82523560	5832594	62971	40135708	2371084	26045	15603662	-1834546
151823	232508928	-10261130	143350	205430592	-8818028	87724	134081240	-37848432	14342	88467952	-75040960	-16626	89724016	-95475536	54163	29801738	12290397	25731	7482572	5182456
-63962	-121142400	18765372	-57778	-109931432	22295968	-32082	-82662680	39282280	-40643	-35444768	1352625	-27975	-20242508	445542	-16139	-9249423	-548374	-8289	-2447979	-1435680
-107892	-203977328	158834608	-100032	-184927808	149909632	-70366	-132472456	107471040	-63852	-57099048	36026368	-47325	-32432822	20934432	-27327	-14031166	6503878	-10296	-3441078	164767
-44870	30248934	103032528	-41182	38199660	96772464	-38340	63492484	42408756	-488	6940211	41049300	1030	6891630	25172368	4900	4878416	11398723	5926	1999881	2684605
-10793	88111520	-9291016	-9954	90088768	-10597376	-17815	99116288	-37860408	22751	22630886	18282822	16755	13885868	12536320	12041	6460584	7082854	5839	1590523	2631283
9595	111365576	-30696752	8335	109782696	-32278760	-6797	109662320	-56806400	34907	28599460	21487314	24525	15412290	16406252	14563	5502186	9753045	4116	483675	3644416
49275	183417344	-47157260	42566	175057472	-52612452	9765	159731200	-83507456	53635	39622112	26251390	34490	20066794	16628362	17580	7118463	6951186	4356	1051959	1404297
106083	263598560	63637488	100380	244564352	57606920	61019	195097008	-4172368	87380	82075360	57929024	62643	48675964	38290772	41794	21515032	19755456	18085	5064995	6146858
90904	302886912	71178608	86665	286564608	63812760	43964	246795680	-15700048	94528	89264400	73615256	67140	53331300	49966468	46004	23811286	28572600	20353	5600977	9647522
144154	377528128	-76241984	136004	351832800	-75239024	77442	286136960	-119621344	129708	117022384	46787572	91477	67726328	33934736	58686	29221354	20090686	24135	6369176	7668840
189518	433340800	-80895584	179422	399498400	-79270616	110741	309505696	-118521504	154363	135486064	50496160	111317	76381952	38873452	67356	31557264	23535698	26021	5943424	8302360
140096	378866848	-165686880	129929	354153472	-162981264	72089	291977184	-175276544	125805	105675312	9960165	86870	58549456	13247540	51166	24094328	11371114	19495	4738671	4899480
196358	443498496	-88940864	185285	408480192	-84683312	113602	315939488	-117357872	157417	137651248	55210204	114105	77184944	42339632	68334	31535364	25771592	25752	5744412	9145703
208633	417446176	26242536	198383	380059040	28726592	134576	276688896	-7607424	135901	118388144	71658712	99130	66207544	51701612	59051	27129516	28701666	22840	4816144	8751062
220666	477082528	48085968	209881	437511744	49261592	140302	328884576	123488	155319	137709760	97531776	114182	78001240	71204368	69486	32381748	40542800	27619	5936770	13856903
196358	443498496	-88940864	185285	408480192	-84683312	113602	315939488	-117357872	157417	137651248	55210204	114105	77184944	42339632	68334	31535364	25771592	25752	5744412	9145703
44052	82601936	-9325102	44213	74619856	-6230490	35845	49659760	-2962328	23932	22567752	2589326	17186	13478626	3154474	11677	6493948	2414893	6001	1615766	1538351
43446	82003584	-3179314	43681	74128088	-295957	35312	49528728	1141810	23838	22727268	4890832	17188	13669322	4726141	11855	6624030	3226318	6169	1659914	1803499
44050	82598520	-9326172	44211	74616800	-6231575	35843	49657760	-2963217	23931	22566904	2588782	17185	13478160	3154088	11677	6493742	2414674	6001	1615718	1538272
38119	84238656	186947504	40366	76983880	179631072	35485	53159740	131448136	25536	26444058	77429608	18976	16853378	53139744	13848	8004632	26355936	8944	2305927	7408036
279592	466211776	-96378952	271028	415747808	-79521312	215200	263368624	-26653592	125777	111584232	-1974230	89595	63783232	1657333	53892	28720926	1444984	25294	6822638	-16224
283019	463081216	-139126624	274653	412008160	-118930864	214693	258518224	-58417392	123678	108345520	-18777092	87439	61449424	-9402284	51996	27039236	-3982822	23372	6150401	-1317506
260666	449404416	-35450984	255539	402072256	-20906944	206675	256726080	9212779	122278	111180680	16729654	88611	64562516	14664058	54507	29098428	7926618	26427	6801425	2186005
282471	491054048	-105790704	274731	439967456	-87944448	218790	284970400	-39910288	135639	127008224	-7601278	100506	74438376	-1987974	62897	33150836	1002381	28647	7861603	1898109
264601	459803072	-93253880	257846	411959648	-76724088	205245	266673088	-34317260	127121	118574512	-4478344	93685	69495216	306630	59046	31010932	2503246	26845	7287957	2800341
282471	491054048	-105790576	274731	439967296	-87944288	218789	284970304	-39910204	135639	127008176	-7601236	100506	74438360	-1987944	62897	33150820	1002392	28647	7861602	1898109
-29886	-45418112	136297600	-27403	-40205484	130001488	-21981	-24606980	88770624	-15227	-7723020	40666448	-12090	-1519898	22361274	-3873	1864014	7627082	4391	1826395	-252884
111309	194981376	-64758992	109849	174807712	-57581620	90470	111561008	-34111620	54429	45608872	-14725784	38177	24832856	-9906134	21146	10116231	-5120714	8050	1970804	-348759
103963	180818272	-52153304	102398	161978272	-45715444	83508	103350192	-26168730	50253	42835252	-10103007	35327	23710256	-6279869	20752	9682448	-2552170	7591	1781466	853587
46701	86106208	-52282624	46281	77641648	-48141456	39549	50510664	-32028442	25269	20588576	-14301215	17870	10927314	-8676260	9614	4197686	-4229556	2927	679494	-163126
46701	86106216	-52282612	46281	77641656	-48141440	39549	50510664	-32028430	25269	20588576	-14301203	17870	10927314	-8676254	9614	4197686	-4229550	2927	679494	-163124
88513	152205920	-31594210	87037	136187168	-27998336	70386	86432536	-13362244	43392	34460308	-3680270	29532	18105682	-2300814	16183	6838124	-2488442	4999	938114	-199731
118163	196746288	192874752	116127	175193808	188445776	87805	111876000	133271464	48622	50957688	63827288	29891	33801148	37080564	28060	18025322	21817252	17887	5265560	6706414
119511	199740688	198216688	117570	177934640	193553648	88990	113806976	136471184	49433	51975984	65596840	30463	34514992	38407024	28620	18415574	22668712	18197	5341788	7051218
131401	226510672	171553088	128948	202581520	166384544	100387	131346808	115900056	58550	60178920	55140548	40080	38482312	32435444	32135	19381104	17205478	18408	5401286	5374347
155034	231020288	77383072	148060	203180048	75362704	107979	123662352	56745688	56881	50896508	24677970	36026	30607372	13017917	26751	14895143	7351146	13047	3855470	2001251
-32568	-17163208	175133616	-28304	-11528956	166885056	-20332	4208112	110804144	-7184	16858812	57704440	-3219	19428106	36869844	3224	18656834	16440357	7963	15867391	2174185
21531	66531952	133530960	23171	62454448	128752568	19624	49462700	88798264	16644	33487688	49381768	13640	26959764	32803994	10955	20305822	16296392	9015	15056195	3590976
46153	100991024	95079056	46288	92449312	92063888	39167	65571216	67934008	27755	35788488	35620856	22712	24536036	22831454	17324	13884959	11576476	14334	5187427	3595980
308707	534107616	79020800	300667	478164736	87811792	240012	308835392	91887464	144874	137634784	65219968	103251	82915504	47243740	63135	41724160	24250060	27152	17079704	4084829
181767	295488992	-49635440	175469	262749120	-42037352	136123	165171744	-19925128	80198	68397536	-4541563	53573	38786480	-284368	28305	18598458	199444	6299	9168861	-2300314
206620	336479488	-59574088	198766	299302848	-50711960	153362	189067840	-23185176	91172	79864528	-5746227	62092	45884188	-1259258	34036	22038062	-236584	9656	10088981	-1969769
293714	487718592	-94741384	285677	434622688	-76616640	223003	275253856	-32991730	132498	117062088	-6487934	92760	67044472	-2941654	51777	31105028	-3188640	15176	12752489	-5748600
261768	427646592	-87330192	252962	380460992	-72714800	195801	240036512	-36429644	114194	102046488	-11728136	80756	58751324	-7403319	45909	27313816	-5178826	16656	10091411	-4265318
-32396	-4636368	113770232	-28936	960176	108325160	-9564	12850648	88891080	19368	7832340	72438736	31384	-3926196	69416240	-8209	-2031242	6300519	3670	-736369	1142355
35683	20710336	-101172256	32979	14511328	-95359680	7999	1923424	-92059824	-29308	11480992	-98745104	-47552	29210724	-107921776	14578	9526393	-4376796	-1507	5984101	-3774950
57974	146000368	149298688	58952	135212288	145764000	55096	99294352	117158856	45623	54264300	82640656	42773	34385988	69504368	9218	10351612	14467583	11231	4713879	3920334
5751	36454248	22243238	5949	35385612	21798682	4247	32221752	13304734	2028	28960580	1882128	296	28443664	-3381138	3131	5315901	2336898	2016	3949063	-124659
50842	125259200	122602024	51500	115830240	119805184	47852	84619712	97547328	40456	45244308	70789048	38252	27529592	60838264	8234	8438740	11558208	9527	3499936	3290686
48288	124146464	124580424	49011	115186080	121562128	45195	85622800	97514712	37685	48705672	68957216	35361	32279540	58177064	8178	8886570	12011120	9273	4042780	3378324
53756	134429584	201664352	54767	124398560	194633264	50125	91189208	151505760	43776	48881520	92841048	38651	30321470	69125456	10526	9574426	20370436	9825	4205564	4694072
52592	143058560	200366944	53472	133258280	193962416	51245	100371296	154382928	48182	55928868	106056912	45759	34838012	86932960	8786	9718855	20677804	11273	4327714	5505457
45068	137114336	203165664	46104	128692920	196406688	43810	100551952	153089952	41307	62612768	101330824	38944	44617884	80497904	8476	10649667	21674050	10611	5562063	5668345
176532	224284032	-88752016	167006	192801632	-79666520	101877	109302544	-84238168	9074	59684472	-111539016	-33776	66185872	-131796656	50873	29181602	8698228	12893	11460102	-102674
186067	242847200	-94923632	176392	209621760	-84959616	111685	120034992	-83803152	19533	61320672	-105587568	-23017	62998776	-123950408	52248	29243308	7499152	14266	10873959	-284129
174360	220866144	-90720192	164246	189816480	-82853344	99356	107990048	-87285232	7782	59877832	-111137056	-34457	66831228	-132163768	47344	27392096	4948138	10969	11254004	-985740
189978	236669344	-75798848	181408	202665792	-69547264	115522	110244448	-80189160	15751	52177768	-112645200	-28445	55934656	-135424160	38843	20994838	-3111124	4634	9003804	-4257522
250753	399747648	-36556772	241468	354631360	-31285702	187334	220384112	-11588614	108308	87999584	2767839	73554	47579180	2333892	40239	19502082	1654311	14493	4178707	1037385
256169	411204032	-42465020	246624	365102880	-36808568	191847	227794368	-15377834	111887	91756872	754710	76649	49828300	1016030	42101	20482548	1121378	15357	4425222	877514
313081	535661536	-131575184	303746	479178784	-115738544	243455	307586912	-61066020	147201	132505952	-23957716	106398	76043640	-14152738	64429	33903396	-6637012	29217	7997058	-1872174
343579	599559424	32249004	334129	537371904	44019676	267870	348700896	63310268	166068	154652448	51685516	121459	90942752	39720144	77266	41390700	23173910	37283	9872726	8765947
316497	529935776	-64680836	307798	472710368	-50495936	240095	301218144	-23788910	144071	130204344	-3389786	103379	75151888	254319	62420	33882300	1752534	29386	8376788	2244906
314288	526955840	-64433536	305732	470116864	-50356004	238712	299680416	-23867724	143379	129581072	-3515784	102982	74764496	128705	62091	33671028	1703151	29179	8321285	2225658
-10003	-16389048	77725496	-9319	-14597608	72861904	-20499	-5573108	23964360	-8910	-1672457	-4880136	-15228	4104654	-30165722	-2407	-4270816	-1735155	-7200	-1496167	-12413459
-10609	-23424608	81188256	-9823	-21527544	76582208	-21265	-12171936	27529048	-7917	-8895273	2152972	-14145	-3714508	-22463912	-5213	-6333342	-1564119	-9673	-2115968	-12783444
-6788	-23160240	86645296	-6068	-21964368	82144568	-17898	-14899120	33809528	-6155	-14483565	10276924	-12321	-10190192	-13987512	-6120	-7338111	-484116	-10497	-2660503	-11936170
112589	259989312	63895016	104234	240051600	59623776	55783	190840976	4129320	43762	125011768	1591028	14691	112833008	-32245096	44093	25408700	17276062	19313	7960796	4958294
-58510	-102799864	-19563846	-55648	-92202496	-22464034	-59283	-55952968	-49153544	-3560	-45396744	7698156	-9235	-42426632	477936	-16221	-8524417	-891250	-18498	1337000	-8300720
4178	-6403176	36375236	3059	-7068088	33501360	-10556	-4778272	2241280	-395	-11442232	-1366200	-6373	-9908740	-16479708	-2574	-4920033	-882478	-7000	-2232394	-9435644
-48242	-89085088	1343916	-46222	-80307440	-3162188	-52047	-49447808	-33311616	1219	-44052272	18849512	-5633	-42839432	7509948	-16451	-9757270	2022988	-19730	573588	-7958102
26670	-2866792	179114720	27891	-7885984	175383232	20465	-23819356	137254368	12064	-40026680	76193560	6450	-43939308	54050048	-8360	-7572905	14963155	-11692	-1855326	3144776
111744	258857280	58294976	103420	239081152	54398168	54703	190481936	189776	43827	124262656	345076	14630	112098576	-33071864	43403	24682636	16972580	18576	7739211	4712709
76207	160203392	39516832	70014	146800016	34521592	22437	118770960	-28917064	45589	54201672	6703284	20010	40131476	-24728588	26053	13149440	7962034	5616	4573402	-7194335
-91806	-117927632	-118707192	-94310	-100688736	-124788872	-120412	-32151736	-164602880	-27033	6415788	-46315404	-41142	22022266	-57075612	10397	7640387	2187127	-351	4738947	-654286
-24553	1705088	22469024	-27609	6595808	12881616	-70161	38205344	-69123008	11231	39704840	13199204	-13383	40755448	-22151196	25742	15238366	18187028	6111	6299361	3126648
23295	134281488	42144512	18487	130490256	33132408	-23549	133089232	-39490592	37976	111368800	33991328	11218	101244976	-1396604	33136	18988380	15837748	10769	7029226	994030
121338	299528960	79259440	113855	277906176	74704056	68483	221459552	21298232	63830	139004384	31538884	35140	117630304	210160	42243	24009436	19176040	18636	7323430	5559034
94930	147688000	89602816	89674	130767888	86850320	50150	87502632	37592344	7449	58455328	-34634128	-16279	61251912	-68563696	29950	17575868	15613991	11352	6199840	2068478
130878	274017280	120376016	124894	250526240	117603976	87678	184257600	76464384	42116	121964656	14972784	16215	109717504	-16084060	38500	21798340	17934086	17551	6338385	4707102
108386	223447872	113965856	103163	204046144	110744552	66354	151382928	64749140	24723	106125904	-388256	69	101395656	-33254212	34815	20036196	17285514	14714	6340883	3816220
213	-77912384	121783360	-351	-77747520	114722304	-33993	-66457168	47725760	-61701	-29042312	-41683188	-82564	4068564	-84074704	17551	10204680	15828150	1339	4816992	753523
69943	40419552	127054816	68267	27840400	122100656	33427	-3743456	70279776	-1451	-23600928	-2029256	-24173	-17074332	-37040388	14139	7661585	16380382	-2179	4474234	-112788
151864	317541536	122628408	144896	290257280	120429344	106880	211688000	83536864	57666	134140144	25939456	30947	115139328	-3796736	41799	23350408	18667124	20189	6334766	5593513
-15697	80905392	-91127344	-20711	84377696	-97336096	-59429	111044192	-147572544	46595	30225368	16979586	22962	15051878	9330566	16617	9374234	7822384	1769	4368384	2404256
-214	102112160	-59569764	-6328	102821360	-66142548	-47178	121261752	-120988544	54950	33209028	32069840	29106	14926506	17801012	16755	7970920	10056210	-305	3742658	1926210
110232	149120912	134101776	106148	129284576	130897824	68489	74955216	82766904	30431	27087384	16995160	9343	18828262	-14344064	16485	7763143	9807422	749	3133062	-6647698
147278	213300080	192406624	142635	186677968	189678800	105919	108885856	149230976	66210	27710224	90935568	43650	3619456	63086736	24282	13837990	26788972	7485	5142636	10308980
232522	438258048	149023904	223620	396246272	148644080	184026	268572320	124997000	128071	125794656	82643464	101338	75134496	61008136	43294	25149204	20911342	22636	7222041	6752266
66520	36863072	160555200	64261	24946640	155368864	32034	-4698112	98400280	2170	-25601248	22933964	-18716	-21110192	-13508976	-437	355632	15693158	-13634	4820068	-6147182
210652	391009728	135181680	201693	353042688	135556640	159551	240221680	106507808	107536	118150896	60328520	83070	76181096	37086364	49808	29633064	21575534	29959	7675123	9646969
143178	200542112	191942080	138349	174691040	189239072	101542	99754776	147351040	61750	22485340	88226792	39332	475712	59964560	21976	12147234	27129204	6091	4614578	9760156
46167	23197200	30237700	44199	15069760	28757558	21096	-4666048	14408158	117	-21797668	3026038	-16163	-17678636	-5508122	-14265	-5613867	-4999438	-23495	5279942	-12624734
107826	180808160	-21295188	99737	161743952	-19859902	66788	110486120	-25254706	31271	64349988	-28286950	12530	55014596	-32515986	29881	13426348	13583137	15737	801986	14109532
44684	23440528	23672888	43029	15561936	22057740	19678	-3432128	8260230	-1648	-18833904	-2748998	-17938	-13940974	-11375430	-12667	-4552788	-5887868	-22352	5499433	-12823682
40730	-5524848	-4572972	37850	-12630880	-6412407	12771	-27782304	-23260960	-8554	-33616668	-41067596	-21399	-26526072	-49277516	5350	3422840	1682853	-3455	2986236	-1971114
99831	129553520	35417604	94663	111740672	35865788	67794	61478332	29597584	41827	8916824	25529614	28124	-6487914	23511978	15036	10692300	1607053	4525	5293506	-712860
67192	148761840	33924836	63030	136864384	31938684	39002	105608664	19591800	16850	76362768	8981657	3091	72332240	2621629	21549	15600762	2100107	9525	6863161	1054618
20937	-43393760	1165174	19149	-46935328	-1528561	-4324	-50868088	-22181732	-22458	-43278304	-43932804	-34711	-30069696	-53837240	1469	863282	1915985	-6587	2363218	-2288187
98206	221260928	-3805588	91518	203847632	-3693246	64982	155565424	-10070255	33010	108710416	-17137970	16820	98029656	-22007536	26666	15808674	3349837	13645	4747211	2318038
6999	7256608	-3796556	5125	6144448	-4143022	-8625	7628792	-19000506	-1073	-2262206	-2505737	-8208	-149709	-8779261	2670	-4347970	5157101	-2102	-4483136	2168130
6331	1214712	-4072966	4174	249224	-4114640	-10424	2672732	-19361268	-3132	-4131434	-8204260	-10110	-1098583	-14749240	844	-4349923	-801186	-3891	-3468359	-3944546
-27066	-75163888	103507320	-22697	-70535432	99883104	-24683	-56636784	68831848	-26188	-36782744	18338630	-32652	-23606932	-900639	-22674	-13047403	-2207688	-22179	-514527	-12475833
-26124	-71387072	106693968	-21583	-66949512	102712440	-22942	-54022364	72007848	-24228	-35976692	21161214	-30812	-23696456	1879293	-22306	-13457503	-1300980	-21875	-1120554	-11694985
-22880	-62190892	107087008	-18416	-58350800	102893792	-19748	-47472140	72886328	-21068	-32248836	22326372	-27690	-21434164	3265865	-19688	-12627431	41008	-19508	-1711170	-9995580
48427	114102664	-3489707	47490	105300384	-2797728	40613	77786464	-5852012	29395	44377304	-3769908	21516	33109298	-4778553	30085	13674030	16515900	22994	-1228479	18424444
47426	113293776	-4308711	46840	104650496	-3723598	40141	77436704	-6248300	28879	44384704	-3284878	20969	33370716	-4267955	30057	14226067	15786489	22458	-629407	18238110
48297	111857536	-1839109	47046	103101360	-1071068	39885	76016008	-4873119	28742	43328040	-4125314	21057	32312652	-5362453	29672	12996760	16329418	22812	-1711686	17991106
51904	114069784	1979840	50431	104666544	2606273	42649	75595368	-1231865	30040	41189008	-3107374	21638	29796140	-5312240	27831	11084900	15260604	20674	-2438178	16659040
61687	94790952	38659336	58724	83692256	40251296	44586	51638848	33993440	11881	17209224	-3994440	5739	13448972	-8855998	10144	6897387	1681377	5489	2554398	411684
-76913	-184243488	-11945588	-74717	-170223392	-15559966	-81296	-121052752	-44043376	-81596	-50005724	-79184880	-86110	-12284044	-95232304	-1137	-256412	1373778	-4109	1006687	-1203766
256900	508184832	139132912	247830	461731200	140442224	206747	319246336	124561920	148824	156448096	91994176	120382	96761344	74816048	46670	27227212	18523656	24003	7907690	5943283
32625	13580152	181743632	33878	7458904	177915808	26754	-12427572	141379408	18419	-34294868	81977392	12551	-41092120	60454824	-5840	-5505615	16296273	-9508	-1125428	4685175
49633	116998224	10082784	45692	108276368	7989984	4810	93550448	-53943432	47791	17454868	9176308	21522	2360536	-14993952	24559	15860619	15044406	7696	7158032	1915996
121388	243503744	69133104	115164	221774464	64043560	69138	164506368	12357960	91899	52301232	85165488	64752	17604328	59020500	34100	19605234	18802124	12348	6804120	4061943
