-1.243504
3.642115333
-11.78362867
2.281207333
5.813656667
5.465449333
1.352212
5.785675333
-6.164145333
-25.759546
-13.83529467
1.105159333
-11.27148533
-1.429004
4.035698667
-1.023170667
-2.252411333
5.749058
7.266786667
4.87299
3.851802667
3.195248667
-27.49810667
-1.293584
0.748988667
-14.57286667
-22.00146733
-4.349432667
0.715892667
-3.051777333
-0.276796
-1.352829333
-1.022020667
1.416430667
-0.733684667
7.047812667
-0.985260667
5.506550667
4.726387333
-25.166512
-13.84496467
-0.130630667
6.866304667
8.112507333
8.110303333
8.10305
5.218472667
6.658092667
6.201050667
-1.378904
0.479408
-1.26972
4.674613333
6.661921333
2.647806667
-8.556804667
-25.33383267
-12.39757467
-8.82349
-11.602262
-23.19133067
-18.02114333
-11.840892
3.602724
0.628386
-0.521549333
-12.12730133
-11.73559133
4.680519333
11.60975467
-9.426032
-15.59233667
-17.192836
-6.187687333
-4.74832
-3.331154667
4.393494
2.995498667
-4.143682667
-7.864749333
-8.407949333
-17.49953
-14.71917067
-14.71923133
-19.23941533
-20.29578333
-14.15525867
-17.550374
-5.574628667
2.775518667
10.35482267
8.303682667
8.131420667
-0.315919333
-0.695476667
1.997627333
-1.072352667
5.98397
-6.640184667
-15.04318667
-8.574528667
-9.022404667
5.688959333
4.091362667
5.068212667
9.153709333
9.086558667
6.288176667
4.819616667
-18.669226
-4.180836667
-8.188934
-0.859903333
0.064639333
1.936782
0.827309333
-18.77077
-10.45696333
-10.23570067
-1.354798667
-0.696724
3.550465333
9.540850667
7.545960667
6.509575333
0.302578
-4.166641333
-6.678888667
-9.897815333
-8.451848667
-7.827313333
-8.878916667
-11.60469933
-21.87651867
-12.94555867
-19.412018
-15.74575133
-2.105616667
2.40147
-6.698266667
5.225448
-9.960276667
-25.49621133
-25.29980733
-26.84277867
-20.690022
-15.184014
-11.45696067
13.86146267
-0.228290667
1.149581333
-12.62962867
-2.553033333
0.621968
3.655298667
0.491509333
0.543534667
-11.99927267
-0.833977333
-8.376908667
-8.266974667
-4.711906
15.17722
6.370838667
4.142124667
5.030938
4.130882
5.142560667
0.739790667
1.122282
1.051107333
-3.346285333
0.842550667
-1.695494
3.089395333
2.610423333
0.65517
0.653276
-6.182987333
-14.292674
-13.18876067
-10.364222
-9.863488
-10.22645
-10.547758
4.758152667
12.056646
7.068355333
-0.983048
6.629007333
-0.419166667
0.488374
0.153222
2.765749333
2.444205333
-0.516412
-0.521315333
-7.339553333
-7.502103333
-7.723819333
-5.958828
-21.65020133
-25.490992
-28.11620667
-19.65607
-17.21418467
-14.79549067
-19.29503467
-11.497912
-10.68224467
-10.59926867
-14.242566
1.082959333
3.728070667
2.264784667
-1.247581333
-1.845056667
-2.904472667
-12.47843933
-10.08395733
-12.93858467
-7.799575333
-2.452972667
-5.385528
-6.582000667
-1.719217333
-5.385524667
8.832173333
1.333228
8.870466
15.539122
8.983958
5.923456
3.075486
0.144872
0.414317333
0.890458667
-5.20954
0.514304
-0.318790667
1.323704
-0.691282
1.924131333
-12.362802
-13.26128067
-9.383588667
-4.862446
2.588542667
6.115008
6.568602
-12.665534
-7.561413333
-6.558069333
-9.981460667
-7.843330667
-16.454104
31.24266533
-39.80264267
-29.04270467
-33.318526
-29.04270467
-33.01149467
-36.344916
-31.86427467
21.39085733
20.212918
21.410962
16.842608
-20.42660667
-13.31320533
1.573966
-18.26029133
-39.509194
-15.66497267
-19.58721067
-19.237814
-28.56898267
-19.22702667
-12.17100933
-2.526244
-0.185749333
-4.859272
-20.85396933
-24.86153333
-20.41913333
-13.08276733
-23.393246
-22.41230067
-24.95917933
-2.575266667
-3.632672667
-5.120552667
-24.71823933
-14.94863267
-3.689285333
-13.97628133
-15.293598
-28.53442267
-18.42886533
-18.398626
-45.55893333
-34.756068
-11.54757667
-12.46745533
-15.88828467
-9.105373333
-17.00013267
4.972744667
8.286112
-4.344511333
-4.512086667
0.489979333
-1.294052667
-9.376706
-5.930413333
-16.30663467
-20.108616
-14.058568
3.900660667
2.906474667
-1.664366667
0.189707333
2.782645333
2.590769333
-2.156711333
-17.96958467
-6.826042
-13.032694
-1.530560667
-2.33452
-1.558666667
-2.999848667
-24.241996
-15.923398
-15.66638667
-3.495553333
-2.431512667
1.968055333
7.013395333
6.625878667
-13.22405067
-8.815089333
-5.179047333
-6.552593333
-16.58104667
-19.98283333
-17.02130667
-13.73498333
-13.76379333
-26.95280333
-13.230386
-24.16759933
-15.86632133
-2.545561333
2.186958
-17.41239133
-17.76241867
-17.28920067
-40.77485867
-40.75583733
-39.37756067
-35.098634
-23.58480667
-25.90326467
-27.70960067
-11.025612
0.684262
-20.98596067
-3.707617333
-0.625976
-1.691556667
-0.696895333
-10.47863933
-19.89965267
-12.39887133
-28.63421
-16.25411
-14.497496
10.189452
6.154052
3.970866
4.848102667
-2.714962
-1.659624667
-2.672582667
-1.273321333
-1.36685
-2.309783333
-10.98151
-0.278835333
-2.201248
1.706531333
-8.987283333
-8.98642
-19.69681533
-24.28453733
-31.855988
-9.735265333
-16.07848133
-8.21566
5.588316667
-7.969288667
-0.260307333
6.138051333
-9.550229333
-0.291075333
-3.831076667
-22.625062
-14.87235133
-2.603441333
-3.229950667
-10.443882
-10.43905533
-8.087636
-21.860048
-21.989758
-17.32851133
-41.69449333
-41.70566333
-28.00270667
-33.81360533
-33.596082
-35.67784933
-36.74378133
-25.470508
-24.00592333
-9.738263333
13.06011533
-0.399505333
-2.081402
-10.64585267
-5.902122667
-5.512887333
-6.465904
-17.38575267
-19.68787667
-16.558476
-12.402468
-7.239685333
-10.50488867
-6.579975333
-8.312164
-10.50488867
-1.773664667
-2.041046667
-1.773544667
-5.71096
3.360497333
2.488836
4.014771333
-1.324661333
-1.955554667
-1.324653333
-7.982962667
-1.540219333
-2.396376667
-0.681826
-0.681828
-0.993814667
-14.63124267
-14.69592733
-11.71612
-6.349279333
-22.68915067
-22.68356467
-10.64742933
-18.46140067
-12.699716
-12.76981133
-15.27999333
-8.09555
-23.98251467
21.68568067
-40.13409133
-17.55788867
-34.08675267
-36.702532
-29.35701933
-42.41213733
-47.71900667
26.91320533
27.300144
25.12543667
21.940472
-4.623534667
-4.536778
-0.517245333
-5.502242
1.613495333
1.630623333
-3.816198
-4.641166667
-4.0416
-29.86193667
6.479218667
2.940517333
6.230192
3.011540667
-30.095778
-7.434237333
14.31961533
0.883268667
-45.76332333
-44.676462
8.964098667
-38.63105067
-29.524912
35.25800133
32.38264267
-43.68507933
-0.855568667
-8.375635333
-4.362094
-3.746897333
-36.724164
10.136142
-20.86006733
-2.591636
-14.77276133
15.19197867
-14.039614
39.57856533
0.211952667
-38.02086267
40.497374
-34.8172
4.458708
-1.128331333
-20.89888733
-20.49986333
-18.26989267
22.42568667
21.42889133
22.526034
20.78393067
-1.758208
39.61828867
-55.53313
2.218563333
17.89820067
-11.33872933